"Number","Name","Desc A","Desc B","Desc C","Type","Min Lvl","Max Lvl","MarkUp","Class Limit","Item 0","Max 0","Normal 0","Regen Time 0","Regen Number0","Regen %0","Item 1","Max 1","Normal 1","Regen Time 1","Regen Number1","Regen %1","Item 2","Max 2","Normal 2","Regen Time 2","Regen Number2","Regen %2","Item 3","Max 3","Normal 3","Regen Time 3","Regen Number3","Regen %3","Item 4","Max 4","Normal 4","Regen Time 4","Regen Number4","Regen %4","Item 5","Max 5","Normal 5","Regen Time 5","Regen Number5","Regen %5","Item 6","Max 6","Normal 6","Regen Time 6","Regen Number6","Regen %6","Item 7","Max 7","Normal 7","Regen Time 7","Regen Number7","Regen %7","Item 8","Max 8","Normal 8","Regen Time 8","Regen Number8","Regen %8","Item 9","Max 9","Normal 9","Regen Time 9","Regen Number9","Regen %9","Item 10","Max 10","Normal 10","Regen Time 10","Regen Number10","Regen %10","Item 11","Max 11","Normal 11","Regen Time 11","Regen Number11","Regen %11","Item 12","Max 12","Normal 12","Regen Time 12","Regen Number12","Regen %12","Item 13","Max 13","Normal 13","Regen Time 13","Regen Number13","Regen %13","Item 14","Max 14","Normal 14","Regen Time 14","Regen Number14","Regen %14","Item 15","Max 15","Normal 15","Regen Time 15","Regen Number15","Regen %15","Item 16","Max 16","Normal 16","Regen Time 16","Regen Number16","Regen %16","Item 17","Max 17","Normal 17","Regen Time 17","Regen Number17","Regen %17","Item 18","Max 18","Normal 18","Regen Time 18","Regen Number18","Regen %18","Item 19","Max 19","Normal 19","Regen Time 19","Regen Number19","Regen %19"
2,"Leave this blank","                                                   ","                                                   ","                                                   ",6,1,1,250,0,0,1000,100,2,100,100,0,1000,100,2,100,100,0,1000,100,2,100,100,0,1000,100,2,100,100,0,1000,100,2,100,100,0,1000,100,240,100,100,0,0,0,0,0,0,0,0,0,0,0,0,0,0,0,0,0,0,0,0,0,0,0,0,0,0,0,0,0,0,0,0,0,0,0,0,0,0,0,0,0,0,0,0,0,0,0,0,0,0,0,0,0,0,0,0,0,0,0,0,0,0,0,0,0,0,0,0,0,0,0,0,0,0,0,0,0,0,0,0,0,0,0,0
3,"General Store","                                                   ","                                                   ","                                                   ",10,1,5,100,0,175,250,50,120,50,100,176,40,20,120,20,100,191,56,10,2,10,100,282,430,8,2,8,100,283,350,5,2,5,100,570,35,5,240,5,100,2040,5,1,120,1,10,2043,5,1,120,1,10,0,0,0,0,0,0,0,0,0,0,0,0,0,0,0,0,0,0,0,0,0,0,0,0,0,0,0,0,0,0,0,0,0,0,0,0,0,0,0,0,0,0,0,0,0,0,0,0,0,0,0,0,0,0,0,0,0,0,0,0,0,0,0,0,0,0,0,0,0,0,0,0
4,"Temple",,,,5,500,500,0,0,0,0,0,0,0,0,0,0,0,0,0,0,0,0,0,0,0,0,0,0,0,0,0,0,0,0,0,0,0,0,0,0,0,0,0,0,0,0,0,0,0,0,0,0,0,0,0,0,0,0,0,0,0,0,0,0,0,0,0,0,0,0,0,0,0,0,0,0,0,0,0,0,0,0,0,0,0,0,0,0,0,0,0,0,0,0,0,0,0,0,0,0,0,0,0,0,0,0,0,0,0,0,0,0,0,0,0,0,0,0,0,0,0,0,0,0,0,0,0,0
5,"Sword Shop","                                                   ","                                                   ","                                                   ",10,1,500,100,0,64,32,2,240,2,100,65,25,1,240,1,100,70,30,1,240,1,100,68,28,1,240,1,100,69,15,1,240,1,35,72,20,1,240,1,60,76,12,1,240,1,40,80,14,1,240,1,40,79,10,1,240,1,40,78,8,1,240,1,40,67,24,1,240,1,25,295,10,1,720,1,25,1361,0,0,0,0,0,969,3,0,0,0,0,1168,5,0,0,0,0,1327,2,0,0,0,0,369,0,0,0,0,0,0,0,0,0,0,0,74,5,1,240,1,33,1453,0,0,0,0,0
6,"Armour Shop, Torso/Legs","                                                   ","                                                   ","                                                   ",10,3,3,100,0,14,25,1,180,1,35,24,24,1,180,1,35,15,22,1,240,1,35,25,22,1,240,1,35,0,0,0,0,0,0,0,0,0,0,0,0,17,5,1,240,1,8,18,3,1,240,1,5,27,3,1,240,1,5,19,2,1,240,1,5,28,2,1,240,1,5,416,15,1,240,1,50,417,5,1,240,1,10,418,3,1,720,1,10,0,0,0,0,0,0,443,15,0,0,0,0,0,0,0,0,0,0,0,0,0,0,0,0,0,0,0,0,0,0,0,0,0,0,0,0
7,"Inn","                                                   ","                                                   ","                                                   ",9,500,500,0,0,0,0,0,0,0,0,0,0,0,0,0,0,0,0,0,0,0,0,0,0,0,0,0,0,0,0,0,0,0,0,0,0,0,0,0,0,0,0,0,0,0,0,0,0,0,0,0,0,0,0,0,0,0,0,0,0,0,0,0,0,0,0,0,0,0,0,0,0,0,0,0,0,0,0,0,0,0,0,0,0,0,0,0,0,0,0,0,0,0,0,0,0,0,0,0,0,0,0,0,0,0,0,0,0,0,0,0,0,0,0,0,0,0,0,0,0,0,0,0,0
8,"Bank of Godfrey","                                                   ","                                                   ","                                                   ",7,1,1,0,0,0,0,0,0,0,0,0,0,0,0,0,0,0,0,0,0,0,0,0,0,0,0,0,0,0,0,0,0,0,0,0,0,0,0,0,0,0,0,0,0,0,0,0,0,0,0,0,0,0,0,0,0,0,0,0,0,0,0,0,0,0,0,0,0,0,0,0,0,0,0,0,0,0,0,0,0,0,0,0,0,0,0,0,0,0,0,0,0,0,0,0,0,0,0,0,0,0,0,0,0,0,0,0,0,0,0,0,0,0,0,0,0,0,0,0,0,0,0,0,0
9,"Mage Spell Shop","                                                   ","                                                   ","                                                   ",10,1,1,100,0,119,40,3,24,3,100,121,35,3,24,3,100,1340,32,3,24,3,100,120,30,3,24,3,100,126,30,3,24,3,100,125,25,2,24,2,100,124,24,2,24,2,100,128,20,2,24,2,100,296,18,2,24,2,100,297,14,1,24,1,100,298,10,1,24,1,100,127,5,1,24,1,50,373,30,3,24,3,100,501,10,2,24,2,100,374,22,3,24,3,100,375,20,2,24,2,100,376,13,1,24,1,100,377,8,1,24,1,100,378,4,1,24,1,50,379,4,1,24,1,50
10,"Axes","                                                   ","                                                   ","                                                   ",10,2,2,100,0,71,28,1,240,1,100,75,30,1,240,1,100,81,15,1,240,1,40,73,20,1,240,1,40,85,12,1,240,1,40,82,6,1,720,1,40,83,9,1,720,1,40,86,10,1,720,1,40,452,12,1,720,1,50,568,1,0,0,0,0,1294,0,0,0,0,0,0,0,0,0,0,0,0,0,0,0,0,0,0,0,0,0,0,0,0,0,0,0,0,0,0,0,0,0,0,0,0,0,0,0,0,0,0,0,0,0,0,0,0,0,0,0,0,0,0,0,0,0,0,0
12,"Leatherworks, Torso/Legs/Hands","                                                   ","                                                   ","                                                   ",10,1,1,100,0,0,0,0,0,0,0,0,0,0,0,0,0,12,40,1,240,1,100,20,72,2,240,2,100,0,0,0,0,0,0,23,42,1,240,1,100,281,112,2,240,2,100,38,75,2,240,2,100,40,64,2,240,2,100,41,50,2,240,2,100,441,62,1,240,1,100,0,0,0,0,0,0,0,0,0,0,0,0,0,0,0,0,0,0,0,0,0,0,0,0,0,0,0,0,0,0,0,0,0,0,0,0,0,0,0,0,0,0,0,0,0,0,0,0,0,0,0,0,0,0
13,"Concession Stand",,,,0,500,500,0,0,0,0,0,0,0,0,0,0,0,0,0,0,0,0,0,0,0,0,0,0,0,0,0,0,0,0,0,0,0,0,0,0,0,0,0,0,0,0,0,0,0,0,0,0,0,0,0,0,0,0,0,0,0,0,0,0,0,0,0,0,0,0,0,0,0,0,0,0,0,0,0,0,0,0,0,0,0,0,0,0,0,0,0,0,0,0,0,0,0,0,0,0,0,0,0,0,0,0,0,0,0,0,0,0,0,0,0,0,0,0,0,0,0,0,0,0,0,0,0,0
14,"Warrior Training Room","                                                   ","                                                   ","                                                   ",8,1,10,300,1,0,0,0,0,0,0,0,0,0,0,0,0,0,0,0,0,0,0,0,0,0,0,0,0,0,0,0,0,0,0,0,0,0,0,0,0,0,0,0,0,0,0,0,0,0,0,0,0,0,0,0,0,0,0,0,0,0,0,0,0,0,0,0,0,0,0,0,0,0,0,0,0,0,0,0,0,0,0,0,0,0,0,0,0,0,0,0,0,0,0,0,0,0,0,0,0,0,0,0,0,0,0,0,0,0,0,0,0,0,0,0,0,0,0,0,0,0,0,0,0
15,"Paladin Training Room","                                                   ","                                                   ","                                                   ",8,1,10,300,3,0,0,0,0,0,0,0,0,0,0,0,0,0,0,0,0,0,0,0,0,0,0,0,0,0,0,0,0,0,0,0,0,0,0,0,0,0,0,0,0,0,0,0,0,0,0,0,0,0,0,0,0,0,0,0,0,0,0,0,0,0,0,0,0,0,0,0,0,0,0,0,0,0,0,0,0,0,0,0,0,0,0,0,0,0,0,0,0,0,0,0,0,0,0,0,0,0,0,0,0,0,0,0,0,0,0,0,0,0,0,0,0,0,0,0,0,0,0,0,0
16,"Leatherworks, Head/Feet","                                                   ","                                                   ","                                                   ",10,2,2,100,0,0,0,0,0,0,0,30,25,1,240,1,100,0,0,0,0,0,0,33,48,1,240,1,100,105,124,2,240,2,100,45,80,2,240,2,100,0,0,0,0,0,0,49,56,1,240,1,100,0,0,0,0,0,0,0,0,0,0,0,0,0,0,0,0,0,0,0,0,0,0,0,0,0,0,0,0,0,0,0,0,0,0,0,0,0,0,0,0,0,0,0,0,0,0,0,0,0,0,0,0,0,0,0,0,0,0,0,0,0,0,0,0,0,0,0,0,0,0,0,0
18,"Blunt Weapons","                                                   ","                                                   ","                                                   ",10,3,3,100,0,87,30,1,240,1,100,89,25,1,240,1,100,88,21,1,240,1,100,91,16,1,240,1,100,102,13,1,240,1,40,103,10,1,240,1,40,171,7,1,500,1,40,100,89,5,240,5,100,101,52,2,240,2,100,449,3,1,240,1,2,116,5,1,240,1,20,864,10,1,240,1,5,867,10,0,0,0,0,871,1,1,240,1,1,870,1,1,240,1,1,0,0,0,0,0,0,264,1,0,0,0,0,788,1,0,0,0,0,877,1,0,0,0,0,0,0,0,0,0,0
19,"Witchunter Training Room","                                                   ","                                                   ","                                                   ",8,1,10,300,2,0,0,0,0,0,0,0,0,0,0,0,0,0,0,0,0,0,0,0,0,0,0,0,0,0,0,0,0,0,0,0,0,0,0,0,0,0,0,0,0,0,0,0,0,0,0,0,0,0,0,0,0,0,0,0,0,0,0,0,0,0,0,0,0,0,0,0,0,0,0,0,0,0,0,0,0,0,0,0,0,0,0,0,0,0,0,0,0,0,0,0,0,0,0,0,0,0,0,0,0,0,0,0,0,0,0,0,0,0,0,0,0,0,0,0,0,0,0,0,0
20,"Missionary Training Room","                                                   ","                                                   ","                                                   ",8,1,10,300,6,0,0,0,0,0,0,0,0,0,0,0,0,0,0,0,0,0,0,0,0,0,0,0,0,0,0,0,0,0,0,0,0,0,0,0,0,0,0,0,0,0,0,0,0,0,0,0,0,0,0,0,0,0,0,0,0,0,0,0,0,0,0,0,0,0,0,0,0,0,0,0,0,0,0,0,0,0,0,0,0,0,0,0,0,0,0,0,0,0,0,0,0,0,0,0,0,0,0,0,0,0,0,0,0,0,0,0,0,0,0,0,0,0,0,0,0,0,0,0,0
21,"Gypsy Training Room","                                                   ","                                                   ","                                                   ",8,1,10,300,10,0,0,0,0,0,0,0,0,0,0,0,0,0,0,0,0,0,0,0,0,0,0,0,0,0,0,0,0,0,0,0,0,0,0,0,0,0,0,0,0,0,0,0,0,0,0,0,0,0,0,0,0,0,0,0,0,0,0,0,0,0,0,0,0,0,0,0,0,0,0,0,0,0,0,0,0,0,0,0,0,0,0,0,0,0,0,0,0,0,0,0,0,0,0,0,0,0,0,0,0,0,0,0,0,0,0,0,0,0,0,0,0,0,0,0,0,0,0,0,0
22,"Warlock Training Room","                                                   ","                                                   ","                                                   ",8,1,10,300,11,0,0,0,0,0,0,0,0,0,0,0,0,0,0,0,0,0,0,0,0,0,0,0,0,0,0,0,0,0,0,0,0,0,0,0,0,0,0,0,0,0,0,0,0,0,0,0,0,0,0,0,0,0,0,0,0,0,0,0,0,0,0,0,0,0,0,0,0,0,0,0,0,0,0,0,0,0,0,0,0,0,0,0,0,0,0,0,0,0,0,0,0,0,0,0,0,0,0,0,0,0,0,0,0,0,0,0,0,0,0,0,0,0,0,0,0,0,0,0,0
23,"Druid Training Room","                                                   ","                                                   ","                                                   ",8,1,10,300,13,0,0,0,0,0,0,0,0,0,0,0,0,0,0,0,0,0,0,0,0,0,0,0,0,0,0,0,0,0,0,0,0,0,0,0,0,0,0,0,0,0,0,0,0,0,0,0,0,0,0,0,0,0,0,0,0,0,0,0,0,0,0,0,0,0,0,0,0,0,0,0,0,0,0,0,0,0,0,0,0,0,0,0,0,0,0,0,0,0,0,0,0,0,0,0,0,0,0,0,0,0,0,0,0,0,0,0,0,0,0,0,0,0,0,0,0,0,0,0,0
24,"Ranger Training Room","                                                   ","                                                   ","                                                   ",8,1,10,300,14,0,0,0,0,0,0,0,0,0,0,0,0,0,0,0,0,0,0,0,0,0,0,0,0,0,0,0,0,0,0,0,0,0,0,0,0,0,0,0,0,0,0,0,0,0,0,0,0,0,0,0,0,0,0,0,0,0,0,0,0,0,0,0,0,0,0,0,0,0,0,0,0,0,0,0,0,0,0,0,0,0,0,0,0,0,0,0,0,0,0,0,0,0,0,0,0,0,0,0,0,0,0,0,0,0,0,0,0,0,0,0,0,0,0,0,0,0,0,0,0
25,"Thief Training Room","                                                   ","                                                   ","                                                   ",8,1,10,300,8,0,0,0,0,0,0,0,0,0,0,0,0,0,0,0,0,0,0,0,0,0,0,0,0,0,0,0,0,0,0,0,0,0,0,0,0,0,0,0,0,0,0,0,0,0,0,0,0,0,0,0,0,0,0,0,0,0,0,0,0,0,0,0,0,0,0,0,0,0,0,0,0,0,0,0,0,0,0,0,0,0,0,0,0,0,0,0,0,0,0,0,0,0,0,0,0,0,0,0,0,0,0,0,0,0,0,0,0,0,0,0,0,0,0,0,0,0,0,0,0
26,"Ninja Training Room","                                                   ","                                                   ","                                                   ",8,1,10,300,7,0,0,0,0,0,0,0,0,0,0,0,0,0,0,0,0,0,0,0,0,0,0,0,0,0,0,0,0,0,0,0,0,0,0,0,0,0,0,0,0,0,0,0,0,0,0,0,0,0,0,0,0,0,0,0,0,0,0,0,0,0,0,0,0,0,0,0,0,0,0,0,0,0,0,0,0,0,0,0,0,0,0,0,0,0,0,0,0,0,0,0,0,0,0,0,0,0,0,0,0,0,0,0,0,0,0,0,0,0,0,0,0,0,0,0,0,0,0,0,0
27,"Bard Training Room","                                                   ","                                                   ","                                                   ",8,1,10,300,9,225,20,1,480,1,50,529,15,1,480,1,45,530,12,1,480,1,40,531,8,1,480,1,35,532,6,1,480,1,30,533,6,1,480,1,30,534,4,1,480,1,25,535,2,1,480,1,20,536,3,1,480,1,15,537,2,1,480,1,10,538,2,1,480,1,5,539,1,1,480,1,5,0,0,0,0,0,0,0,0,0,0,0,0,0,0,0,0,0,0,0,0,0,0,0,0,0,0,0,0,0,0,0,0,0,0,0,0,0,0,0,0,0,0,0,0,0,0,0,0
28,"Mage Training Room","                                                   ","                                                   ","                                                   ",8,1,10,300,12,0,0,0,0,0,0,0,0,0,0,0,0,0,0,0,0,0,0,0,0,0,0,0,0,0,0,0,0,0,0,0,0,0,0,0,0,0,0,0,0,0,0,0,0,0,0,0,0,0,0,0,0,0,0,0,0,0,0,0,0,0,0,0,0,0,0,0,0,0,0,0,0,0,0,0,0,0,0,0,0,0,0,0,0,0,0,0,0,0,0,0,0,0,0,0,0,0,0,0,0,0,0,0,0,0,0,0,0,0,0,0,0,0,0,0,0,0,0,0,0
29,"Priest Training Room","                                                   ","                                                   ","                                                   ",8,1,10,300,5,0,0,0,0,0,0,0,0,0,0,0,0,0,0,0,0,0,0,0,0,0,0,0,0,0,0,0,0,0,0,0,0,0,0,0,0,0,0,0,0,0,0,0,0,0,0,0,0,0,0,0,0,0,0,0,0,0,0,0,0,0,0,0,0,0,0,0,0,0,0,0,0,0,0,0,0,0,0,0,0,0,0,0,0,0,0,0,0,0,0,0,0,0,0,0,0,0,0,0,0,0,0,0,0,0,0,0,0,0,0,0,0,0,0,0,0,0,0,0,0
30,"Cleric Training Room","                                                   ","                                                   ","                                                   ",8,1,10,300,4,0,0,0,0,0,0,0,0,0,0,0,0,0,0,0,0,0,0,0,0,0,0,0,0,0,0,0,0,0,0,0,0,0,0,0,0,0,0,0,0,0,0,0,0,0,0,0,0,0,0,0,0,0,0,0,0,0,0,0,0,0,0,0,0,0,0,0,0,0,0,0,0,0,0,0,0,0,0,0,0,0,0,0,0,0,0,0,0,0,0,0,0,0,0,0,0,0,0,0,0,0,0,0,0,0,0,0,0,0,0,0,0,0,0,0,0,0,0,0,0
31,"Mystic Training Room","                                                   ","                                                   ","                                                   ",8,1,10,300,15,0,0,0,0,0,0,0,0,0,0,0,0,0,0,0,0,0,0,0,0,0,0,0,0,0,0,0,0,0,0,0,0,0,0,0,0,0,0,0,0,0,0,0,0,0,0,0,0,0,0,0,0,0,0,0,0,0,0,0,0,0,0,0,0,0,0,0,0,0,0,0,0,0,0,0,0,0,0,0,0,0,0,0,0,0,0,0,0,0,0,0,0,0,0,0,0,0,0,0,0,0,0,0,0,0,0,0,0,0,0,0,0,0,0,0,0,0,0,0,0
32,"Holy Spell Shop","                                                   ","                                                   ","                                                   ",10,2,2,100,0,130,43,3,24,3,100,131,50,3,24,3,100,132,40,3,24,3,100,136,36,3,24,3,100,299,40,3,24,3,100,134,32,2,24,2,100,141,27,2,24,2,100,137,25,2,24,2,100,301,21,1,24,1,100,135,15,1,24,1,100,138,9,1,24,1,100,140,4,1,24,1,100,388,10,1,24,1,100,389,6,1,24,1,25,390,5,1,24,1,20,391,4,1,24,1,20,392,3,1,24,1,25,394,3,1,24,1,25,395,2,1,48,1,25,174,1,1,48,1,5
33,"Jewellry Shop","                                                   ","                                                   ","                                                   ",10,10,10,100,0,161,72,2,240,2,100,162,68,1,240,1,100,163,36,1,240,1,100,164,20,1,240,1,30,165,16,1,240,1,30,166,22,1,240,1,30,170,8,1,240,1,20,1347,4,2,500,2,5,902,1,0,0,0,0,903,1,0,0,0,0,689,100,0,0,0,0,1521,0,0,0,0,0,904,1,0,0,0,0,905,1,0,0,0,0,433,1,1,240,1,5,436,1,1,520,1,1,611,1,1,240,1,1,950,1,0,0,0,0,1984,5,1,240,1,100,0,0,0,0,0,0
35,"Cloakroom","                                                   ","                                                   ","                                                   ",10,5,5,100,0,53,10,1,24,1,70,55,5,1,24,1,70,56,3,1,24,1,25,0,0,0,0,0,0,0,0,0,0,0,0,0,0,0,0,0,0,0,0,0,0,0,0,0,0,0,0,0,0,0,0,0,0,0,0,0,0,0,0,0,0,0,0,0,0,0,0,0,0,0,0,0,0,0,0,0,0,0,0,0,0,0,0,0,0,0,0,0,0,0,0,0,0,0,0,0,0,0,0,0,0,0,0,0,0,0,0,0,0,0,0,0,0,0,0,0,0,0,0,0,0
36,"Druid Spell Shop","                                                   ","                                                   ","                                                   ",10,3,3,100,0,142,45,3,24,3,100,143,41,3,24,3,100,147,38,3,24,3,100,146,34,3,24,3,100,144,30,3,24,3,100,152,32,2,24,2,100,145,28,2,24,2,100,313,24,2,24,2,100,148,20,2,24,2,100,151,16,2,24,2,100,149,12,1,24,1,100,303,7,1,24,1,100,314,5,1,24,1,50,382,25,1,24,1,100,383,16,1,24,1,100,150,10,1,24,1,80,384,4,1,48,1,50,503,4,1,48,1,50,385,3,1,48,1,50,386,2,1,48,1,50
37,"Bard Song Store","                                                   ","                                                   ","                                                   ",10,4,4,100,0,153,65,3,24,3,100,154,60,3,24,3,100,155,54,3,24,3,100,156,50,3,24,3,100,306,50,3,24,3,100,158,40,2,24,2,100,307,37,2,24,2,100,157,35,2,24,2,100,308,30,2,24,2,100,159,28,2,24,2,100,309,22,1,24,1,100,160,20,1,24,1,100,310,16,1,24,1,100,311,10,1,24,1,100,312,5,1,24,1,50,2005,10,1,24,1,25,2006,10,1,24,1,25,0,0,0,0,0,0,0,0,0,0,0,0,0,0,0,0,0,0
38,"Training Room","                                                   ","                                                   ","                                                   ",8,1,10,0,0,0,0,0,0,0,0,0,0,0,0,0,0,0,0,0,0,0,0,0,0,0,0,0,0,0,0,0,0,0,0,0,0,0,0,0,0,0,0,0,0,0,0,0,0,0,0,0,0,0,0,0,0,0,0,0,0,0,0,0,0,0,0,0,0,0,0,0,0,0,0,0,0,0,0,0,0,0,0,0,0,0,0,0,0,0,0,0,0,0,0,0,0,0,0,0,0,0,0,0,0,0,0,0,0,0,0,0,0,0,0,0,0,0,0,0,0,0,0,0,0
39,"Sysop Trainer","                                                   ","                                                   ","                                                   ",8,1,999,0,0,0,0,0,0,0,0,0,0,0,0,0,0,0,0,0,0,0,0,0,0,0,0,0,0,0,0,0,0,0,0,0,0,0,0,0,0,0,0,0,0,0,0,0,0,0,0,0,0,0,0,0,0,0,0,0,0,0,0,0,0,0,0,0,0,0,0,0,0,0,0,0,0,0,0,0,0,0,0,0,0,0,0,0,0,0,0,0,0,0,0,0,0,0,0,0,0,0,0,0,0,0,0,0,0,0,0,0,0,0,0,0,0,0,0,0,0,0,0,0,0
40,"Robes Shop","                                                   ","                                                   ","                                                   ",10,1,1,100,0,275,72,2,240,2,100,9,60,2,240,2,100,274,68,2,240,2,100,273,85,2,240,2,100,280,46,2,240,2,100,279,55,2,240,2,100,276,62,2,240,2,100,277,70,2,240,2,100,278,58,2,240,2,100,1346,2,1,500,1,5,0,0,0,0,0,0,0,0,0,0,0,0,0,0,0,0,0,0,0,0,0,0,0,0,0,0,0,0,0,0,0,0,0,0,0,0,0,0,0,0,0,0,0,0,0,0,0,0,0,0,0,0,0,0,0,0,0,0,0,0
41,"Shield Shop","                                                   ","                                                   ","                                                   ",10,1,1,100,0,57,52,1,240,1,35,58,45,1,240,1,35,59,38,1,240,1,35,60,22,1,240,1,35,61,18,1,240,1,20,62,10,1,240,1,15,370,6,1,240,1,8,0,0,0,0,0,0,0,0,0,0,0,0,0,0,0,0,0,0,0,0,0,0,0,0,0,0,0,0,0,0,0,0,0,0,0,0,0,0,0,0,0,0,0,0,0,0,0,0,0,0,0,0,0,0,0,0,0,0,0,0,0,0,0,0,0,0,0,0,0,0,0,0,0,0,0,0,0,0
42,"Curio Store","                                                   ","                                                   ","                                                   ",10,1,1,100,0,284,125,2,240,2,100,285,4,1,720,1,5,286,78,1,240,1,100,287,35,1,240,1,60,288,1,1,240,1,7,289,5,1,720,1,10,429,15,1,240,1,10,440,20,1,240,1,10,413,3,1,360,1,2,401,3,1,720,1,2,607,10,1,240,1,25,853,1,0,0,0,0,1845,1,0,0,0,0,1846,1,0,0,0,0,1847,1,0,0,0,0,858,1,0,0,0,0,1848,1,0,0,0,0,1849,1,0,0,0,0,1850,1,0,0,0,0,0,0,0,0,0,0
43,"Armour Shop, Head/Hands/Feet","                                                   ","                                                   ","                                                   ",10,1,1,100,0,34,30,2,240,2,100,35,25,2,240,2,100,36,6,1,240,1,50,37,2,1,240,1,10,42,42,3,240,3,100,43,30,2,240,2,100,44,4,1,240,1,30,50,32,2,240,2,100,51,3,1,240,1,25,403,5,1,720,1,3,444,5,1,720,1,3,988,4,0,0,0,0,1336,1,0,0,0,0,1493,1,0,0,0,0,1841,15,0,0,0,0,1842,15,0,0,0,0,0,0,0,0,0,0,0,0,0,0,0,0,0,0,0,0,0,0,0,0,0,0,0,0
44,"Unholy Spells","                                                   ","                                                   ","                                                   ",10,1,1,150,0,130,35,3,24,3,100,133,30,3,24,3,100,136,27,2,24,2,100,300,20,2,24,2,100,134,16,1,24,1,100,302,10,1,24,1,100,139,6,1,24,1,50,140,4,1,24,1,50,393,5,1,24,1,25,323,1,1,48,1,10,0,0,0,0,0,0,0,0,0,0,0,0,0,0,0,0,0,0,0,0,0,0,0,0,0,0,0,0,0,0,0,0,0,0,0,0,0,0,0,0,0,0,0,0,0,0,0,0,0,0,0,0,0,0,0,0,0,0,0,0
45,"Newhaven Weapon Shop","                                                   ","                                                   ","                                                   ",10,1,1,0,0,100,31,10,24,10,100,90,26,8,24,8,100,0,0,0,0,0,0,0,0,0,0,0,0,0,0,0,0,0,0,0,0,0,0,0,0,0,0,0,0,0,0,0,0,0,0,0,0,0,0,0,0,0,0,0,0,0,0,0,0,0,0,0,0,0,0,0,0,0,0,0,0,0,0,0,0,0,0,0,0,0,0,0,0,0,0,0,0,0,0,0,0,0,0,0,0,0,0,0,0,0,0,0,0,0,0,0,0,0,0,0,0,0,0,0,0,0,0,0,0
46,"Newhaven Armour Shop","                                                   ","                                                   ","                                                   ",10,1,1,0,0,332,35,10,2,10,100,333,35,10,2,10,100,334,35,9,2,9,100,335,35,10,2,10,100,336,35,10,2,10,10,0,0,0,0,0,0,0,0,0,0,0,0,0,0,0,0,0,0,0,0,0,0,0,0,0,0,0,0,0,0,0,0,0,0,0,0,0,0,0,0,0,0,0,0,0,0,0,0,0,0,0,0,0,0,0,0,0,0,0,0,0,0,0,0,0,0,0,0,0,0,0,0,0,0,0,0,0,0,0,0,0,0,0,0,0,0,0,0,0,0
47,"Newhaven General Store","                                                   ","                                                   ","                                                   ",10,1,1,0,0,175,820,10,240,10,100,176,63,2,240,2,100,0,0,0,0,0,0,0,0,0,0,0,0,0,0,0,0,0,0,0,0,0,0,0,0,0,0,0,0,0,0,0,0,0,0,0,0,0,0,0,0,0,0,0,0,0,0,0,0,0,0,0,0,0,0,0,0,0,0,0,0,0,0,0,0,0,0,0,0,0,0,0,0,0,0,0,0,0,0,0,0,0,0,0,0,0,0,0,0,0,0,0,0,0,0,0,0,0,0,0,0,0,0,0,0,0,0,0,0
48,"Newhaven Spell Shop","                                                   ","                                                   ","                                                   ",10,1,1,0,0,119,120,5,240,5,100,120,100,4,240,4,100,373,105,4,240,4,100,126,60,2,240,2,100,130,125,5,240,5,100,131,140,6,240,6,100,132,110,5,240,5,100,142,118,5,240,5,100,143,95,4,240,4,100,144,80,4,240,4,100,154,100,4,240,4,100,155,82,4,240,4,100,156,65,3,240,3,100,0,0,0,0,0,0,0,0,0,0,0,0,0,0,0,0,0,0,0,0,0,0,0,0,0,0,0,0,0,0,0,0,0,0,0,0,0,0,0,0,0,0
49,"Super Warrior Trainer","                                                   ","                                                   ","                                                   ",8,11,11,500,1,0,0,0,0,0,0,0,0,0,0,0,0,0,0,0,0,0,0,0,0,0,0,0,0,0,0,0,0,0,0,0,0,0,0,0,0,0,0,0,0,0,0,0,0,0,0,0,0,0,0,0,0,0,0,0,0,0,0,0,0,0,0,0,0,0,0,0,0,0,0,0,0,0,0,0,0,0,0,0,0,0,0,0,0,0,0,0,0,0,0,0,0,0,0,0,0,0,0,0,0,0,0,0,0,0,0,0,0,0,0,0,0,0,0,0,0,0,0,0,0
50,"Super Witchunter Trainer","                                                   ","                                                   ","                                                   ",8,11,11,500,2,0,0,0,0,0,0,0,0,0,0,0,0,0,0,0,0,0,0,0,0,0,0,0,0,0,0,0,0,0,0,0,0,0,0,0,0,0,0,0,0,0,0,0,0,0,0,0,0,0,0,0,0,0,0,0,0,0,0,0,0,0,0,0,0,0,0,0,0,0,0,0,0,0,0,0,0,0,0,0,0,0,0,0,0,0,0,0,0,0,0,0,0,0,0,0,0,0,0,0,0,0,0,0,0,0,0,0,0,0,0,0,0,0,0,0,0,0,0,0,0
51,"Super Mystic Trainer","                                                   ","                                                   ","                                                   ",8,11,11,500,15,0,0,0,0,0,0,0,0,0,0,0,0,0,0,0,0,0,0,0,0,0,0,0,0,0,0,0,0,0,0,0,0,0,0,0,0,0,0,0,0,0,0,0,0,0,0,0,0,0,0,0,0,0,0,0,0,0,0,0,0,0,0,0,0,0,0,0,0,0,0,0,0,0,0,0,0,0,0,0,0,0,0,0,0,0,0,0,0,0,0,0,0,0,0,0,0,0,0,0,0,0,0,0,0,0,0,0,0,0,0,0,0,0,0,0,0,0,0,0,0
52,"Super Ranger Trainer","                                                   ","                                                   ","                                                   ",8,11,11,500,14,0,0,0,0,0,0,0,0,0,0,0,0,0,0,0,0,0,0,0,0,0,0,0,0,0,0,0,0,0,0,0,0,0,0,0,0,0,0,0,0,0,0,0,0,0,0,0,0,0,0,0,0,0,0,0,0,0,0,0,0,0,0,0,0,0,0,0,0,0,0,0,0,0,0,0,0,0,0,0,0,0,0,0,0,0,0,0,0,0,0,0,0,0,0,0,0,0,0,0,0,0,0,0,0,0,0,0,0,0,0,0,0,0,0,0,0,0,0,0,0
53,"Super Priest Trainer","                                                   ","                                                   ","                                                   ",8,11,11,500,5,0,0,0,0,0,0,0,0,0,0,0,0,0,0,0,0,0,0,0,0,0,0,0,0,0,0,0,0,0,0,0,0,0,0,0,0,0,0,0,0,0,0,0,0,0,0,0,0,0,0,0,0,0,0,0,0,0,0,0,0,0,0,0,0,0,0,0,0,0,0,0,0,0,0,0,0,0,0,0,0,0,0,0,0,0,0,0,0,0,0,0,0,0,0,0,0,0,0,0,0,0,0,0,0,0,0,0,0,0,0,0,0,0,0,0,0,0,0,0,0
54,"Super Cleric Trainer","                                                   ","                                                   ","                                                   ",8,11,11,500,4,0,0,0,0,0,0,0,0,0,0,0,0,0,0,0,0,0,0,0,0,0,0,0,0,0,0,0,0,0,0,0,0,0,0,0,0,0,0,0,0,0,0,0,0,0,0,0,0,0,0,0,0,0,0,0,0,0,0,0,0,0,0,0,0,0,0,0,0,0,0,0,0,0,0,0,0,0,0,0,0,0,0,0,0,0,0,0,0,0,0,0,0,0,0,0,0,0,0,0,0,0,0,0,0,0,0,0,0,0,0,0,0,0,0,0,0,0,0,0,0
55,"Super Paladin Trainer","                                                   ","                                                   ","                                                   ",8,11,11,500,3,0,0,0,0,0,0,0,0,0,0,0,0,0,0,0,0,0,0,0,0,0,0,0,0,0,0,0,0,0,0,0,0,0,0,0,0,0,0,0,0,0,0,0,0,0,0,0,0,0,0,0,0,0,0,0,0,0,0,0,0,0,0,0,0,0,0,0,0,0,0,0,0,0,0,0,0,0,0,0,0,0,0,0,0,0,0,0,0,0,0,0,0,0,0,0,0,0,0,0,0,0,0,0,0,0,0,0,0,0,0,0,0,0,0,0,0,0,0,0,0
56,"Super Missionary Traniner","                                                   ","                                                   ","                                                   ",8,11,11,500,6,0,0,0,0,0,0,0,0,0,0,0,0,0,0,0,0,0,0,0,0,0,0,0,0,0,0,0,0,0,0,0,0,0,0,0,0,0,0,0,0,0,0,0,0,0,0,0,0,0,0,0,0,0,0,0,0,0,0,0,0,0,0,0,0,0,0,0,0,0,0,0,0,0,0,0,0,0,0,0,0,0,0,0,0,0,0,0,0,0,0,0,0,0,0,0,0,0,0,0,0,0,0,0,0,0,0,0,0,0,0,0,0,0,0,0,0,0,0,0,0
57,"Super Rogue Trainer","                                                   ","                                                   ","                                                   ",8,11,11,500,7,0,0,0,0,0,0,0,0,0,0,0,0,0,0,0,0,0,0,0,0,0,0,0,0,0,0,0,0,0,0,0,0,0,0,0,0,0,0,0,0,0,0,0,0,0,0,0,0,0,0,0,0,0,0,0,0,0,0,0,0,0,0,0,0,0,0,0,0,0,0,0,0,0,0,0,0,0,0,0,0,0,0,0,0,0,0,0,0,0,0,0,0,0,0,0,0,0,0,0,0,0,0,0,0,0,0,0,0,0,0,0,0,0,0,0,0,0,0,0,0
58,"Super Thief Trainer","                                                   ","                                                   ","                                                   ",8,11,11,500,8,0,0,0,0,0,0,0,0,0,0,0,0,0,0,0,0,0,0,0,0,0,0,0,0,0,0,0,0,0,0,0,0,0,0,0,0,0,0,0,0,0,0,0,0,0,0,0,0,0,0,0,0,0,0,0,0,0,0,0,0,0,0,0,0,0,0,0,0,0,0,0,0,0,0,0,0,0,0,0,0,0,0,0,0,0,0,0,0,0,0,0,0,0,0,0,0,0,0,0,0,0,0,0,0,0,0,0,0,0,0,0,0,0,0,0,0,0,0,0,0
59,"Super Bard Trainer","                                                   ","                                                   ","                                                   ",8,11,11,500,9,0,0,0,0,0,0,0,0,0,0,0,0,0,0,0,0,0,0,0,0,0,0,0,0,0,0,0,0,0,0,0,0,0,0,0,0,0,0,0,0,0,0,0,0,0,0,0,0,0,0,0,0,0,0,0,0,0,0,0,0,0,0,0,0,0,0,0,0,0,0,0,0,0,0,0,0,0,0,0,0,0,0,0,0,0,0,0,0,0,0,0,0,0,0,0,0,0,0,0,0,0,0,0,0,0,0,0,0,0,0,0,0,0,0,0,0,0,0,0,0
60,"Super Gypsy Trainer","                                                   ","                                                   ","                                                   ",8,11,11,500,10,0,0,0,0,0,0,0,0,0,0,0,0,0,0,0,0,0,0,0,0,0,0,0,0,0,0,0,0,0,0,0,0,0,0,0,0,0,0,0,0,0,0,0,0,0,0,0,0,0,0,0,0,0,0,0,0,0,0,0,0,0,0,0,0,0,0,0,0,0,0,0,0,0,0,0,0,0,0,0,0,0,0,0,0,0,0,0,0,0,0,0,0,0,0,0,0,0,0,0,0,0,0,0,0,0,0,0,0,0,0,0,0,0,0,0,0,0,0,0,0
61,"Super Warlock Trainer","                                                   ","                                                   ","                                                   ",8,11,11,500,11,0,0,0,0,0,0,0,0,0,0,0,0,0,0,0,0,0,0,0,0,0,0,0,0,0,0,0,0,0,0,0,0,0,0,0,0,0,0,0,0,0,0,0,0,0,0,0,0,0,0,0,0,0,0,0,0,0,0,0,0,0,0,0,0,0,0,0,0,0,0,0,0,0,0,0,0,0,0,0,0,0,0,0,0,0,0,0,0,0,0,0,0,0,0,0,0,0,0,0,0,0,0,0,0,0,0,0,0,0,0,0,0,0,0,0,0,0,0,0,0
62,"Super Mage Trainer","                                                   ","                                                   ","                                                   ",8,11,11,500,12,0,0,0,0,0,0,0,0,0,0,0,0,0,0,0,0,0,0,0,0,0,0,0,0,0,0,0,0,0,0,0,0,0,0,0,0,0,0,0,0,0,0,0,0,0,0,0,0,0,0,0,0,0,0,0,0,0,0,0,0,0,0,0,0,0,0,0,0,0,0,0,0,0,0,0,0,0,0,0,0,0,0,0,0,0,0,0,0,0,0,0,0,0,0,0,0,0,0,0,0,0,0,0,0,0,0,0,0,0,0,0,0,0,0,0,0,0,0,0,0
63,"Super Druid Trainer","                                                   ","                                                   ","                                                   ",8,11,11,500,13,0,0,0,0,0,0,0,0,0,0,0,0,0,0,0,0,0,0,0,0,0,0,0,0,0,0,0,0,0,0,0,0,0,0,0,0,0,0,0,0,0,0,0,0,0,0,0,0,0,0,0,0,0,0,0,0,0,0,0,0,0,0,0,0,0,0,0,0,0,0,0,0,0,0,0,0,0,0,0,0,0,0,0,0,0,0,0,0,0,0,0,0,0,0,0,0,0,0,0,0,0,0,0,0,0,0,0,0,0,0,0,0,0,0,0,0,0,0,0,0
64,"High Level Trainer","                                                   ","                                                   ","                                                   ",8,12,20,2500,0,0,0,0,0,0,0,0,0,0,0,0,0,0,0,0,0,0,0,0,0,0,0,0,0,0,0,0,0,0,0,0,0,0,0,0,0,0,0,0,0,0,0,0,0,0,0,0,0,0,0,0,0,0,0,0,0,0,0,0,0,0,0,0,0,0,0,0,0,0,0,0,0,0,0,0,0,0,0,0,0,0,0,0,0,0,0,0,0,0,0,0,0,0,0,0,0,0,0,0,0,0,0,0,0,0,0,0,0,0,0,0,0,0,0,0,0,0,0,0,0
65,"Aldreth's Spells","                                                   ","                                                   ","                                                   ",10,1,1,100,0,317,5,1,48,1,25,318,5,1,48,1,25,319,4,1,48,1,25,321,3,1,48,1,25,322,2,1,48,1,25,380,2,1,48,1,25,315,6,1,48,1,25,304,3,1,48,1,25,316,4,1,48,1,25,305,2,1,48,1,25,502,2,1,48,1,25,324,3,1,48,1,25,326,2,1,48,1,25,328,2,1,48,1,25,381,2,1,48,1,25,387,3,1,48,1,15,396,2,1,48,1,25,397,3,1,48,1,25,398,2,1,48,1,25,399,2,1,48,1,25
66,"Ninja supply shop","                                                   ","                                                   ","                                                   ",10,1,1,100,0,363,15,1,240,1,10,364,10,1,240,1,5,365,5,1,240,1,5,366,30,1,240,1,20,367,35,1,240,1,20,368,20,1,240,1,20,1364,1,1,720,1,3,558,5,1,720,1,5,559,10,1,480,1,25,560,18,0,0,0,0,1328,3,0,0,0,0,1079,5,1,240,1,5,0,0,0,0,0,0,0,0,0,0,0,0,0,0,0,0,0,0,0,0,0,0,0,0,0,0,0,0,0,0,0,0,0,0,0,0,0,0,0,0,0,0,0,0,0,0,0,0
67,"Slum Store","                                                   ","                                                   ","                                                   ",10,1,1,175,0,1337,1,0,0,0,0,179,12,1,480,1,10,180,10,1,480,1,10,176,22,4,480,4,100,190,8,0,0,0,0,202,3,0,0,0,0,204,2,0,0,0,0,226,5,0,0,0,0,437,5,1,120,1,2,428,5,1,480,1,10,458,15,1,480,1,15,467,0,0,0,0,0,468,0,0,0,0,0,471,0,0,0,0,0,427,12,1,120,1,2,0,0,0,0,0,0,483,10,0,0,0,0,482,10,0,0,0,0,463,10,0,0,0,0,1257,1,1,480,1,2
68,"Holy Item Shop","                                                   ","                                                   ","                                                   ",10,1,1,100,0,400,12,1,240,1,10,406,10,0,0,0,0,409,10,1,240,1,10,1914,1,1,240,1,10,178,2,1,240,1,10,464,10,1,240,1,10,465,24,1,240,1,25,469,1,1,480,1,3,470,12,1,240,1,20,223,30,1,240,1,30,269,12,1,240,1,35,0,0,0,0,0,0,0,0,0,0,0,0,0,0,0,0,0,0,0,0,0,0,0,0,0,0,0,0,0,0,0,0,0,0,0,0,0,0,0,0,0,0,0,0,0,0,0,0,0,0,0,0,0,0
69,"Dreary Shop","                                                   ","                                                   ","                                                   ",10,1,1,200,0,179,15,1,480,1,50,202,5,1,720,1,3,420,1,1,720,1,1,1988,1,1,240,1,10,435,2,1,720,1,1,204,4,1,720,1,2,226,3,1,720,1,2,0,0,0,0,0,0,458,20,1,480,1,10,463,52,0,0,0,0,467,0,0,0,0,0,468,0,0,0,0,0,471,0,0,0,0,0,472,0,0,0,0,0,427,27,1,240,1,5,437,20,1,240,1,5,0,0,0,0,0,0,505,8,0,0,0,0,489,150,1,480,1,100,0,0,0,0,0,0
70,"Jorah's Tower, Leather/Chain","                                                   ","                                                   ","                                                   ",10,1,1,275,0,419,5,1,480,1,2,1857,5,1,480,1,4,1858,5,1,480,1,6,1859,5,1,480,1,8,846,5,1,480,1,3,442,5,1,480,1,3,412,5,1,480,1,3,1194,5,1,480,1,3,1852,5,1,480,1,3,1853,5,1,480,1,3,1875,5,1,480,1,5,1820,5,0,0,0,0,1821,5,0,0,0,0,1822,5,0,0,0,0,1823,5,0,0,0,0,443,6,1,480,1,5,414,28,1,480,1,3,362,16,1,480,1,3,1997,5,1,480,1,5,854,4,0,0,0,0
71,"Jorah's Tower, Misc.","                                                   ","                                                   ","                                                   ",10,1,1,275,0,0,0,0,0,0,0,0,0,0,0,0,0,0,0,0,0,0,0,0,0,0,0,0,0,0,0,0,0,0,0,0,0,0,0,0,0,0,0,0,0,0,0,0,0,0,0,0,0,0,0,0,0,0,0,433,4,1,480,1,3,0,0,0,0,0,0,436,3,1,480,1,3,0,0,0,0,0,0,0,0,0,0,0,0,0,0,0,0,0,0,0,0,0,0,0,0,446,2,1,480,1,3,466,10,1,480,1,5,191,5,1,120,1,5,1527,1,1,720,1,5
72,"Jorah's Tower, 1h Blunt Weapons","                                                   ","                                                   ","                                                   ",10,1,1,275,0,1069,1,1,720,1,3,877,3,0,0,0,0,870,3,1,480,1,3,596,3,1,480,1,3,0,0,0,0,0,0,732,5,1,480,1,3,451,5,1,480,1,3,462,5,1,480,1,3,875,1,1,720,1,2,0,0,0,0,0,0,0,0,0,0,0,0,0,0,0,0,0,0,0,0,0,0,0,0,0,0,0,0,0,0,0,0,0,0,0,0,0,0,0,0,0,0,0,0,0,0,0,0,0,0,0,0,0,0,0,0,0,0,0,0,0,0,0,0,0,0
73,"Jorah's Tower, Druid Spells","                                                   ","                                                   ","                                                   ",10,1,1,100,0,550,10,1,48,1,20,551,8,1,48,1,15,552,5,1,48,1,10,553,3,1,48,1,5,315,8,1,48,1,25,304,10,1,48,1,20,316,7,1,48,1,15,305,4,1,48,1,10,387,3,1,48,1,5,1750,16,1,24,1,75,0,0,1,48,1,30,0,0,1,48,1,25,0,0,1,48,1,20,0,0,1,48,1,15,0,0,1,48,1,10,0,0,1,48,1,5,554,1,1,48,1,5,0,0,0,0,0,0,0,0,0,0,0,0,631,5,0,0,0,0
74,"Titan Trainer","                                                   ","                                                   ","                                                   ",8,21,50,6000,0,0,0,0,0,0,0,0,0,0,0,0,0,0,0,0,0,0,0,0,0,0,0,0,0,0,0,0,0,0,0,0,0,0,0,0,0,0,0,0,0,0,0,0,0,0,0,0,0,0,0,0,0,0,0,0,0,0,0,0,0,0,0,0,0,0,0,0,0,0,0,0,0,0,0,0,0,0,0,0,0,0,0,0,0,0,0,0,0,0,0,0,0,0,0,0,0,0,0,0,0,0,0,0,0,0,0,0,0,0,0,0,0,0,0,0,0,0,0,0,0
75,"Very Powerful Spells","                                                   ","                                                   ","                                                   ",10,1,1,100,0,554,3,1,252,1,8,555,2,1,252,1,6,556,1,1,252,1,4,557,1,1,252,1,2,546,3,1,252,1,8,547,2,1,252,1,6,548,1,1,252,1,4,549,1,1,252,1,5,200,2,1,252,1,8,201,1,1,252,1,5,224,1,1,252,1,2,1324,1,1,252,1,8,1817,1,1,252,1,10,1681,1,1,252,1,5,1086,1,1,252,1,5,1815,1,1,252,1,5,1646,1,1,252,1,5,1751,1,1,252,1,5,0,0,0,0,0,0,0,0,0,0,0,0
76,"Jael's Missile Weapons","                                                   ","                                                   ","                                                   ",1,0,0,100,0,208,25,1,240,1,100,591,16,1,240,1,75,623,10,1,240,1,50,624,6,1,240,1,25,625,45,2,240,2,100,626,30,1,240,1,100,1201,1,1,240,1,5,1229,1,1,240,1,5,0,0,0,0,0,0,0,0,0,0,0,0,0,0,0,0,0,0,0,0,0,0,0,0,0,0,0,0,0,0,0,0,0,0,0,0,0,0,0,0,0,0,0,0,0,0,0,0,0,0,0,0,0,0,0,0,0,0,0,0,0,0,0,0,0,0,0,0,0,0,0,0
77,"Rhudaur Weapon Shop","                                                   ","                                                   ","                                                   ",1,0,0,200,0,68,40,2,240,2,100,67,35,2,240,2,100,65,30,1,240,1,100,79,12,1,240,1,50,72,25,1,240,1,100,361,4,1,240,1,10,458,22,1,240,1,100,71,26,1,240,1,100,81,12,1,240,1,50,87,30,1,240,1,100,88,24,1,240,1,100,102,10,1,240,1,50,171,5,1,240,1,25,90,86,5,240,5,100,92,67,5,240,5,100,101,50,2,240,2,100,116,5,1,240,1,10,204,1,0,0,0,0,226,1,0,0,0,0,0,0,0,0,0,0
78,"Rhudaur Armour Shop","                                                   ","                                                   ","                                                   ",2,0,0,200,0,12,50,2,240,2,100,23,50,2,240,2,100,33,50,2,240,2,100,41,50,2,240,2,100,49,50,2,240,2,100,14,20,1,240,1,100,24,20,1,240,1,100,34,20,1,240,1,100,42,20,1,240,1,100,50,20,1,240,1,100,16,10,1,240,1,50,26,10,1,240,1,50,36,10,1,240,1,50,53,25,1,240,1,100,56,15,1,240,1,100,59,20,1,240,1,100,179,6,1,240,1,20,180,8,1,240,1,20,0,0,0,0,0,0,0,0,0,0,0,0
79,"Rhudaur Exotic Items Shop","                                                   ","                                                   ","                                                   ",1,0,0,200,0,363,15,1,720,1,100,364,10,1,720,1,100,365,13,1,720,1,100,1883,1,1,720,1,3,55,25,1,720,1,50,289,20,1,720,1,50,429,22,1,720,1,50,440,20,1,720,1,50,632,3,1,720,1,10,633,5,1,720,1,10,514,6,1,720,1,10,634,4,1,720,1,10,635,8,1,720,1,20,636,10,1,720,1,20,637,15,1,720,1,25,638,0,0,0,0,0,639,0,0,0,0,0,640,0,0,0,0,0,641,0,0,0,0,0,1973,0,0,0,0,0
80,"Rhudaur Magic Goods","                                                   ","                                                   ","                                                   ",4,0,0,200,0,274,50,1,240,1,100,20,50,1,240,1,100,0,0,0,0,0,0,38,50,1,240,1,100,105,50,1,240,1,100,404,5,1,720,1,10,435,1,1,720,1,5,223,25,1,720,1,50,269,20,1,720,1,50,466,5,1,720,1,5,470,8,1,720,1,10,202,12,1,720,1,25,139,10,1,720,1,100,193,20,1,720,1,100,195,5,1,720,1,20,196,4,1,720,1,20,393,16,1,720,1,100,329,20,1,720,1,100,324,15,1,720,1,50,300,35,1,720,1,100
81,"Rhudaur Missile Weapons","                                                   ","                                                   ","                                                   ",1,0,0,200,0,208,30,1,480,1,50,591,20,1,480,1,25,623,16,1,480,1,25,624,10,1,480,1,20,625,50,1,480,1,100,626,35,1,480,1,100,592,5,1,480,1,20,0,0,0,0,0,0,0,0,0,0,0,0,0,0,0,0,0,0,0,0,0,0,0,0,0,0,0,0,0,0,0,0,0,0,0,0,0,0,0,0,0,0,0,0,0,0,0,0,0,0,0,0,0,0,0,0,0,0,0,0,0,0,0,0,0,0,0,0,0,0,0,0,0,0,0,0,0,0
82,"Rhudaur Thieve's Guild","                                                   ","                                                   ","                                                   ",0,0,0,200,0,46,10,1,720,1,25,366,12,1,720,1,50,367,12,1,720,1,50,368,12,1,720,1,50,420,3,1,720,1,5,558,4,1,720,1,20,560,15,1,720,1,20,559,20,1,720,1,20,647,50,1,720,1,100,648,20,1,720,1,50,175,100,1,720,1,100,976,25,25,240,25,100,0,0,0,0,0,0,0,0,0,0,0,0,0,0,0,0,0,0,0,0,0,0,0,0,0,0,0,0,0,0,0,0,0,0,0,0,0,0,0,0,0,0,0,0,0,0,0,0
83,"Rhudaur Bank","                                                   ","                                                   ","                                                   ",7,1,1,0,0,0,0,0,0,0,0,0,0,0,0,0,0,0,0,0,0,0,0,0,0,0,0,0,0,0,0,0,0,0,0,0,0,0,0,0,0,0,0,0,0,0,0,0,0,0,0,0,0,0,0,0,0,0,0,0,0,0,0,0,0,0,0,0,0,0,0,0,0,0,0,0,0,0,0,0,0,0,0,0,0,0,0,0,0,0,0,0,0,0,0,0,0,0,0,0,0,0,0,0,0,0,0,0,0,0,0,0,0,0,0,0,0,0,0,0,0,0,0,0,0
84,"Rhudaur Trainer","                                                   ","                                                   ","                                                   ",8,12,30,6000,0,0,0,0,0,0,0,0,0,0,0,0,0,0,0,0,0,0,0,0,0,0,0,0,0,0,0,0,0,0,0,0,0,0,0,0,0,0,0,0,0,0,0,0,0,0,0,0,0,0,0,0,0,0,0,0,0,0,0,0,0,0,0,0,0,0,0,0,0,0,0,0,0,0,0,0,0,0,0,0,0,0,0,0,0,0,0,0,0,0,0,0,0,0,0,0,0,0,0,0,0,0,0,0,0,0,0,0,0,0,0,0,0,0,0,0,0,0,0,0,0
85,"Sysop Support Shop","                                                   ","                                                   ","                                                   ",2,0,0,0,0,657,1000,10,480,10,100,1964,1,1,480,1,100,0,0,0,0,0,0,0,0,0,0,0,0,0,0,0,0,0,0,0,0,0,0,0,0,0,0,0,0,0,0,0,0,0,0,0,0,0,0,0,0,0,0,0,0,0,0,0,0,0,0,0,0,0,0,0,0,0,0,0,0,0,0,0,0,0,0,0,0,0,0,0,0,0,0,0,0,0,0,0,0,0,0,0,0,0,0,0,0,0,0,0,0,0,0,0,0,0,0,0,0,0,0,0,0,0,0,0,0
86,"Boat Launch","                                                   ","                                                   ","                                                   ",0,0,0,400,0,691,100,10,2,10,100,690,250,25,2,25,100,1181,10,1,2,1,100,0,0,0,0,0,0,0,0,0,0,0,0,0,0,0,0,0,0,0,0,0,0,0,0,0,0,0,0,0,0,0,0,0,0,0,0,0,0,0,0,0,0,0,0,0,0,0,0,0,0,0,0,0,0,0,0,0,0,0,0,0,0,0,0,0,0,0,0,0,0,0,0,0,0,0,0,0,0,0,0,0,0,0,0,0,0,0,0,0,0,0,0,0,0,0,0,0,0,0,0,0,0
87,"Elven Shop","                                                   ","                                                   ","                                                   ",0,0,0,150,0,731,30,1,240,1,100,290,100,100,240,100,100,291,100,100,240,100,100,292,100,100,240,100,100,422,6,1,480,1,6,445,10,1,480,1,10,217,8,1,480,1,8,727,5,1,480,1,5,728,2,1,480,1,2,862,1,1,480,1,2,830,1,1,480,1,5,1836,1,1,480,1,5,1837,1,1,480,1,10,47,5,1,360,1,5,205,2,1,480,1,5,712,5,0,0,0,0,1883,1,1,480,1,10,0,0,0,0,0,0,0,0,0,0,0,0,0,0,0,0,0,0
88,"Recycler Shop","                                                   ","                                                   ","                                                   ",0,0,0,500,0,113,0,0,0,0,0,167,0,0,0,0,0,210,0,0,0,0,0,211,0,0,0,0,0,212,0,0,0,0,0,213,0,0,0,0,0,214,0,0,0,0,0,215,0,0,0,0,0,216,0,0,0,0,0,218,0,0,0,0,0,258,0,0,0,0,0,265,0,0,0,0,0,267,0,0,0,0,0,325,0,0,0,0,0,432,0,0,0,0,0,460,0,0,0,0,0,473,0,0,0,0,0,478,0,0,0,0,0,495,0,0,0,0,0,497,0,0,0,0,0
89,"Recycler Shop 2","                                                   ","                                                   ","                                                   ",0,1,1,500,0,203,0,0,0,0,0,541,0,0,0,0,0,561,0,0,0,0,0,609,0,0,0,0,0,685,0,0,0,0,0,687,0,0,0,0,0,719,0,0,0,0,0,720,0,0,0,0,0,703,0,0,0,0,0,748,0,0,0,0,0,763,0,0,0,0,0,784,0,0,0,0,0,798,0,0,0,0,0,741,0,0,0,0,0,742,0,0,0,0,0,745,0,0,0,0,0,749,0,0,0,0,0,750,0,0,0,0,0,800,0,0,0,0,0,999,0,0,0,0,0
90,"Etheral Trainer","                                                   ","                                                   ","                                                   ",8,1,54,9999,0,0,0,0,0,0,0,0,0,0,0,0,0,0,0,0,0,0,0,0,0,0,0,0,0,0,0,0,0,0,0,0,0,0,0,0,0,0,0,0,0,0,0,0,0,0,0,0,0,0,0,0,0,0,0,0,0,0,0,0,0,0,0,0,0,0,0,0,0,0,0,0,0,0,0,0,0,0,0,0,0,0,0,0,0,0,0,0,0,0,0,0,0,0,0,0,0,0,0,0,0,0,0,0,0,0,0,0,0,0,0,0,0,0,0,0,0,0,0,0,0
91,"sleazy dark-elf shop","                                                   ","                                                   ","                                                   ",0,0,0,5000,0,176,50,1,240,1,100,0,0,0,0,0,0,793,10,0,0,0,0,826,0,0,0,0,0,829,0,0,0,0,0,831,0,0,0,0,0,832,1,0,0,0,0,833,0,0,0,0,0,834,0,0,0,0,0,836,0,0,0,0,0,821,0,0,0,0,0,822,0,0,0,0,0,823,0,0,0,0,0,824,5,0,0,0,0,825,0,0,0,0,0,191,1,1,480,1,5,0,0,0,0,0,0,0,0,0,0,0,0,0,0,0,0,0,0,0,0,0,0,0,0
92,"Key Shop","                                                   ","                                                   ","                                                   ",10,1,1,100,0,844,10,1,720,1,100,0,0,0,0,0,0,0,0,0,0,0,0,0,0,0,0,0,0,0,0,0,0,0,0,0,0,0,0,0,0,0,0,0,0,0,0,0,0,0,0,0,0,0,0,0,0,0,0,0,0,0,0,0,0,0,0,0,0,0,0,0,0,0,0,0,0,0,0,0,0,0,0,0,0,0,0,0,0,0,0,0,0,0,0,0,0,0,0,0,0,0,0,0,0,0,0,0,0,0,0,0,0,0,0,0,0,0,0,0,0,0,0,0,0
93,"Orfeo's Stuff","                                                   ","                                                   ","                                                   ",0,1,1,0,0,290,1000,100,240,100,100,291,1000,100,240,100,100,292,1000,100,240,100,100,293,1000,100,240,100,100,294,1000,100,240,100,100,924,1000,100,240,100,100,921,25,1,240,1,100,922,15,1,240,1,100,923,5,1,240,1,100,1609,5,1,640,1,10,1610,5,1,640,1,10,1611,5,1,640,1,10,1612,5,1,640,1,5,1284,1,1,640,1,5,1286,1,1,640,1,5,1304,1,1,720,1,2,1633,1,1,640,1,10,0,0,0,0,0,0,0,0,0,0,0,0,0,0,0,0,0,0
94,"Gypsy Man","                                                   ","                                                   ","                                                   ",0,1,1,200,0,191,50,1,240,1,100,925,25,5,240,5,100,926,10,1,240,1,100,1999,5,1,720,1,3,2000,5,1,720,1,3,2001,5,1,720,1,3,2002,5,1,720,1,3,2003,5,1,720,1,3,2004,5,0,720,1,0,0,0,0,0,0,0,0,0,0,0,0,0,0,0,0,0,0,0,0,0,0,0,0,0,0,0,0,0,0,0,0,0,0,0,0,0,0,0,0,0,0,0,0,0,0,0,0,0,0,0,0,0,0,0,0,0,0,0,0,0,0,0,0,0,0,0
95,"Gnome Alchemist","                                                   ","                                                   ","                                                   ",0,1,1,100,0,223,25,1,240,1,100,269,18,1,240,1,100,465,5,1,240,1,25,878,5,1,240,1,25,0,0,0,0,0,0,0,0,0,0,0,0,0,0,0,0,0,0,0,0,0,0,0,0,0,0,0,0,0,0,0,0,0,0,0,0,0,0,0,0,0,0,0,0,0,0,0,0,0,0,0,0,0,0,0,0,0,0,0,0,0,0,0,0,0,0,0,0,0,0,0,0,0,0,0,0,0,0,0,0,0,0,0,0,0,0,0,0,0,0,0,0,0,0,0,0
96,"Gnome Jeweler","                                                   ","                                                   ","                                                   ",0,1,1,100,0,881,100,1,240,1,100,882,100,1,240,1,100,883,100,1,240,1,100,884,100,1,240,1,100,885,100,1,240,1,100,886,100,1,240,1,100,887,50,1,240,1,100,888,50,1,240,1,100,889,50,1,240,1,100,890,50,1,240,1,100,891,50,1,240,1,100,892,25,1,240,1,50,893,25,1,240,1,50,894,25,1,240,1,50,433,3,1,240,1,5,0,0,0,0,0,0,435,3,1,240,1,5,436,3,1,240,1,5,164,25,1,240,1,100,165,25,1,240,1,100
97,"Gnomish Supplies","                                                   ","                                                   ","                                                   ",0,1,1,100,0,282,100,10,240,10,100,191,50,1,240,1,100,53,20,1,240,1,100,56,20,1,240,1,100,925,25,1,240,1,100,930,10,1,240,1,100,0,0,0,0,0,0,0,0,0,0,0,0,0,0,0,0,0,0,0,0,0,0,0,0,0,0,0,0,0,0,0,0,0,0,0,0,0,0,0,0,0,0,0,0,0,0,0,0,0,0,0,0,0,0,0,0,0,0,0,0,0,0,0,0,0,0,0,0,0,0,0,0,0,0,0,0,0,0,0,0,0,0,0,0
98,"Dwarven General Store","                                                   ","                                                   ","                                                   ",0,1,1,100,0,175,500,100,240,100,100,176,100,10,240,10,100,191,100,20,240,20,100,930,50,20,240,20,100,100,250,50,240,50,100,282,1000,100,240,100,100,283,250,50,240,50,100,936,50,5,240,5,100,0,0,0,0,0,0,0,0,0,0,0,0,0,0,0,0,0,0,0,0,0,0,0,0,0,0,0,0,0,0,0,0,0,0,0,0,0,0,0,0,0,0,0,0,0,0,0,0,0,0,0,0,0,0,0,0,0,0,0,0,0,0,0,0,0,0,0,0,0,0,0,0
99,"Dwarven Armoury","                                                   ","                                                   ","                                                   ",0,1,1,100,0,419,5,1,240,1,5,1857,5,1,240,1,5,1858,5,1,240,1,5,1859,5,1,240,1,5,1860,5,1,240,1,5,1861,5,1,240,1,5,1862,5,1,240,1,5,1863,5,1,240,1,5,423,5,1,240,1,10,62,10,1,240,1,10,60,10,1,240,1,10,1998,1,1,240,1,5,1996,5,1,240,1,5,444,10,1,240,1,10,418,5,1,240,1,10,850,10,1,240,1,10,846,25,1,240,1,10,931,5,0,0,0,0,852,5,0,0,0,0,845,5,0,0,0,0
100,"Dwarven Axe Store","                                                   ","                                                   ","                                                   ",0,1,1,100,0,71,100,10,240,10,100,75,100,10,240,10,100,81,100,10,240,10,100,568,20,1,240,1,100,226,5,1,240,1,10,868,10,1,240,1,25,0,0,0,0,0,0,0,0,0,0,0,0,0,0,0,0,0,0,0,0,0,0,0,0,0,0,0,0,0,0,0,0,0,0,0,0,0,0,0,0,0,0,0,0,0,0,0,0,0,0,0,0,0,0,0,0,0,0,0,0,0,0,0,0,0,0,0,0,0,0,0,0,0,0,0,0,0,0,0,0,0,0,0,0
101,"Dwarven Weapon Store","                                                   ","                                                   ","                                                   ",0,1,1,100,0,295,25,5,240,5,100,864,25,5,240,5,100,863,15,5,240,5,100,459,15,5,240,5,100,361,10,1,240,1,100,116,10,1,240,1,100,869,10,1,240,1,100,872,5,1,240,1,10,1467,5,1,240,1,10,1710,5,0,0,0,0,0,0,0,0,0,0,0,0,0,0,0,0,0,0,0,0,0,0,0,0,0,0,0,0,0,0,0,0,0,0,0,0,0,0,0,0,0,0,0,0,0,0,0,0,0,0,0,0,0,0,0,0,0,0,0,0,0,0,0,0
102,"Dwarven Clothing","                                                   ","                                                   ","                                                   ",0,1,1,100,0,9,100,10,240,10,100,20,100,10,240,10,100,2010,50,1,240,1,100,38,100,10,240,10,100,45,100,10,240,10,100,55,50,5,240,5,100,289,50,5,240,5,100,429,50,5,240,5,100,440,50,5,240,5,100,410,20,1,240,1,100,0,0,0,0,0,0,0,0,0,0,0,0,0,0,0,0,0,0,0,0,0,0,0,0,0,0,0,0,0,0,0,0,0,0,0,0,0,0,0,0,0,0,0,0,0,0,0,0,0,0,0,0,0,0,0,0,0,0,0,0
103,"Dwarven Leatherworks","                                                   ","                                                   ","                                                   ",0,1,1,100,0,12,50,5,240,5,100,23,50,5,240,5,100,33,50,5,240,5,100,41,50,5,240,5,100,49,50,5,240,5,100,53,50,5,240,5,100,56,50,5,240,5,100,414,10,1,240,1,100,847,5,1,240,1,25,0,0,0,0,0,0,0,0,0,0,0,0,0,0,0,0,0,0,0,0,0,0,0,0,0,0,0,0,0,0,0,0,0,0,0,0,0,0,0,0,0,0,0,0,0,0,0,0,0,0,0,0,0,0,0,0,0,0,0,0,0,0,0,0,0,0
104,"Dwarven Jeweler","                                                   ","                                                   ","                                                   ",0,1,1,100,0,892,100,10,240,10,100,893,100,10,240,10,100,894,100,10,240,10,100,895,50,5,240,5,100,896,50,5,240,5,100,897,50,5,240,5,100,898,50,5,240,5,100,899,25,1,240,1,100,900,25,1,240,1,100,901,25,1,240,1,100,902,10,1,240,1,25,903,10,1,240,1,25,904,10,1,240,1,25,905,10,1,240,1,25,433,5,1,240,1,1,0,0,0,0,0,0,435,5,1,240,1,1,436,5,1,240,1,1,0,0,0,0,0,0,0,0,0,0,0,0
105,"Dwarven Inn","                                                   ","                                                   ","                                                   ",0,1,1,100,0,924,1000,100,240,100,100,0,0,0,0,0,0,0,0,0,0,0,0,0,0,0,0,0,0,0,0,0,0,0,0,0,0,0,0,0,0,0,0,0,0,0,0,0,0,0,0,0,0,0,0,0,0,0,0,0,0,0,0,0,0,0,0,0,0,0,0,0,0,0,0,0,0,0,0,0,0,0,0,0,0,0,0,0,0,0,0,0,0,0,0,0,0,0,0,0,0,0,0,0,0,0,0,0,0,0,0,0,0,0,0,0,0,0,0,0,0,0,0,0,0
106,"Dwarven Tavern","                                                   ","                                                   ","                                                   ",0,1,1,100,0,290,1000,100,240,100,100,291,1000,100,240,100,100,292,1000,100,240,100,100,293,1000,100,240,100,100,294,1000,100,240,100,100,1161,1000,100,240,100,100,0,0,0,0,0,0,0,0,0,0,0,0,0,0,0,0,0,0,0,0,0,0,0,0,0,0,0,0,0,0,0,0,0,0,0,0,0,0,0,0,0,0,0,0,0,0,0,0,0,0,0,0,0,0,0,0,0,0,0,0,0,0,0,0,0,0,0,0,0,0,0,0,0,0,0,0,0,0,0,0,0,0,0,0
107,"Dwarven Trainer","                                                   ","                                                   ","                                                   ",8,12,30,4000,0,0,0,0,0,0,0,0,0,0,0,0,0,0,0,0,0,0,0,0,0,0,0,0,0,0,0,0,0,0,0,0,0,0,0,0,0,0,0,0,0,0,0,0,0,0,0,0,0,0,0,0,0,0,0,0,0,0,0,0,0,0,0,0,0,0,0,0,0,0,0,0,0,0,0,0,0,0,0,0,0,0,0,0,0,0,0,0,0,0,0,0,0,0,0,0,0,0,0,0,0,0,0,0,0,0,0,0,0,0,0,0,0,0,0,0,0,0,0,0,0
108,"Leave this blank","                                                   ","                                                   ","                                                   ",0,1,1,100,0,0,0,0,0,0,0,0,0,0,0,0,0,0,0,0,0,0,0,0,0,0,0,0,0,0,0,0,0,0,0,0,0,0,0,0,0,0,0,0,0,0,0,0,0,0,0,0,0,0,0,0,0,0,0,0,0,0,0,0,0,0,0,0,0,0,0,0,0,0,0,0,0,0,0,0,0,0,0,0,0,0,0,0,0,0,0,0,0,0,0,0,0,0,0,0,0,0,0,0,0,0,0,0,0,0,0,0,0,0,0,0,0,0,0,0,0,0,0,0,0
109,"Trap Shop","                                                   ","                                                   ","                                                   ",10,1,1,0,0,1004,100,100,100,100,100,1005,100,100,100,100,100,1006,100,100,100,100,100,1007,100,100,100,100,100,1070,100,100,100,100,100,1072,100,100,100,100,100,1074,100,100,100,100,100,1076,100,100,100,100,100,1078,100,100,100,100,100,1080,100,100,100,100,100,0,0,0,0,0,0,0,0,0,0,0,0,0,0,0,0,0,0,0,0,0,0,0,0,0,0,0,0,0,0,0,0,0,0,0,0,0,0,0,0,0,0,0,0,0,0,0,0,0,0,0,0,0,0,0,0,0,0,0,0
110,"Furniture Shop","                                                   ","                                                   ","                                                   ",10,1,1,0,0,1087,0,0,0,0,0,1088,0,0,0,0,0,1089,0,0,0,0,0,1090,0,0,0,0,0,1091,0,0,0,0,0,1092,0,0,0,0,0,1093,0,0,0,0,0,1094,0,0,0,0,0,1095,0,0,0,0,0,1096,0,0,0,0,0,0,0,0,0,0,0,0,0,0,0,0,0,0,0,0,0,0,0,0,0,0,0,0,0,0,0,0,0,0,0,0,0,0,0,0,0,0,0,0,0,0,0,0,0,0,0,0,0,0,0,0,0,0,0,0,0,0,0,0,0
111,"Nekojin Village Store","                                                   ","                                                   ","                                                   ",0,1,1,100,0,72,20,1,240,1,100,105,45,1,240,1,100,275,30,1,240,1,100,283,100,10,240,10,100,175,100,10,240,10,100,286,50,5,240,5,100,191,40,5,240,5,100,1153,50,5,240,5,100,1169,15,0,0,0,0,1179,15,1,240,1,10,1156,1,0,0,0,0,1166,1,0,0,0,0,1167,1,0,0,0,0,1990,1,0,0,0,0,0,0,0,0,0,0,0,0,0,0,0,0,0,0,0,0,0,0,0,0,0,0,0,0,0,0,0,0,0,0,0,0,0,0,0,0
112,"Nekojin Village Inn","                                                   ","                                                   ","                                                   ",0,1,1,100,0,924,100,100,240,100,100,1121,100,100,240,100,100,1120,100,100,240,100,100,293,100,100,240,100,100,1119,100,100,240,100,100,0,0,0,0,0,0,0,0,0,0,0,0,0,0,0,0,0,0,0,0,0,0,0,0,0,0,0,0,0,0,0,0,0,0,0,0,0,0,0,0,0,0,0,0,0,0,0,0,0,0,0,0,0,0,0,0,0,0,0,0,0,0,0,0,0,0,0,0,0,0,0,0,0,0,0,0,0,0,0,0,0,0,0,0,0,0,0,0,0,0
113,"Hydra Trainer","                                                   ","                                                   ","                                                   ",8,1,65,9999,0,0,0,0,0,0,0,0,0,0,0,0,0,0,0,0,0,0,0,0,0,0,0,0,0,0,0,0,0,0,0,0,0,0,0,0,0,0,0,0,0,0,0,0,0,0,0,0,0,0,0,0,0,0,0,0,0,0,0,0,0,0,0,0,0,0,0,0,0,0,0,0,0,0,0,0,0,0,0,0,0,0,0,0,0,0,0,0,0,0,0,0,0,0,0,0,0,0,0,0,0,0,0,0,0,0,0,0,0,0,0,0,0,0,0,0,0,0,0,0,0
114,"Lost City Armour, Front Room","                                                   ","                                                   ","                                                   ",2,0,0,500,0,1192,10,2,400,2,5,1193,10,2,350,2,5,1222,2,1,450,1,3,1214,15,0,0,0,0,1215,15,0,0,0,0,1205,2,0,0,0,0,1197,1,0,0,0,0,1198,1,0,0,0,0,1199,1,0,0,0,0,1200,1,0,0,0,0,1844,10,2,400,2,5,0,0,0,0,0,0,0,0,0,0,0,0,0,0,0,0,0,0,0,0,0,0,0,0,0,0,0,0,0,0,0,0,0,0,0,0,0,0,0,0,0,0,0,0,0,0,0,0,0,0,0,0,0,0
115,"Lost City Armour, Back Room","                                                   ","                                                   ","                                                   ",2,0,0,300,0,1184,0,0,0,0,0,1218,3,1,500,1,2,1219,3,1,520,1,2,1251,2,1,400,1,3,1253,2,1,420,1,3,1225,5,0,0,0,0,1230,5,0,0,0,0,1205,15,0,0,0,0,15,10,2,200,2,15,25,10,2,200,2,15,289,10,1,200,1,15,429,5,1,200,1,15,440,5,1,200,1,15,2007,5,0,0,0,0,2008,5,0,0,0,0,2009,5,0,0,0,0,2010,5,1,200,1,15,0,0,0,0,0,0,0,0,0,0,0,0,0,0,0,0,0,0
116,"Lost City Bank","                                                   ","                                                   ","                                                   ",7,1,1,0,0,0,0,0,0,0,0,0,0,0,0,0,0,0,0,0,0,0,0,0,0,0,0,0,0,0,0,0,0,0,0,0,0,0,0,0,0,0,0,0,0,0,0,0,0,0,0,0,0,0,0,0,0,0,0,0,0,0,0,0,0,0,0,0,0,0,0,0,0,0,0,0,0,0,0,0,0,0,0,0,0,0,0,0,0,0,0,0,0,0,0,0,0,0,0,0,0,0,0,0,0,0,0,0,0,0,0,0,0,0,0,0,0,0,0,0,0,0,0,0,0
117,"Lost City Weapons, Front Room","                                                   ","                                                   ","                                                   ",1,0,0,500,0,1201,5,2,200,2,10,1202,3,1,500,1,5,1203,2,1,720,1,5,1191,3,0,0,0,0,1229,10,0,0,0,0,1207,2,0,0,0,0,1208,4,0,0,0,0,1211,0,0,0,0,0,1217,0,0,0,0,0,1213,0,0,0,0,0,0,0,0,0,0,0,0,0,0,0,0,0,0,0,0,0,0,0,0,0,0,0,0,0,0,0,0,0,0,0,0,0,0,0,0,0,0,0,0,0,0,0,0,0,0,0,0,0,0,0,0,0,0,0,0,0,0,0,0,0
118,"Lost City Weapons, Back Room","                                                   ","                                                   ","                                                   ",1,0,0,300,0,1189,5,0,0,0,0,1190,10,2,100,2,10,1252,4,2,300,2,5,1254,2,1,350,1,1,1226,10,0,0,0,0,1246,5,0,0,0,0,1211,10,0,0,0,0,1182,3,1,100,1,2,1255,5,2,75,2,5,295,5,1,200,1,15,864,5,1,200,1,15,459,5,1,200,1,15,636,5,1,200,1,15,0,0,0,0,0,0,0,0,0,0,0,0,0,0,0,0,0,0,0,0,0,0,0,0,0,0,0,0,0,0,0,0,0,0,0,0,0,0,0,0,0,0
119,"Lost City Hides Shop","                                                   ","                                                   ","                                                   ",2,0,0,400,0,0,0,0,0,0,0,1195,5,1,280,1,5,1196,2,1,300,1,2,1186,5,0,0,0,0,1227,3,0,0,0,0,1228,10,0,0,0,0,1232,10,0,0,0,0,1206,5,0,0,0,0,1209,10,0,0,0,0,1210,3,0,0,0,0,412,5,2,150,2,5,1262,5,0,0,0,0,12,10,2,200,2,15,23,10,2,200,2,15,1188,0,0,0,0,0,0,0,0,0,0,0,0,0,0,0,0,0,0,0,0,0,0,0,0,0,0,0,0,0,0,0,0,0,0,0
120,"Lost City Jewlery Shop","                                                   ","                                                   ","                                                   ",2,0,0,400,0,1220,2,1,520,1,5,1221,2,1,550,1,5,1237,1,1,720,1,3,1238,1,1,700,1,3,1240,3,1,250,1,8,1223,2,1,600,1,5,1224,2,1,620,1,5,1187,10,0,0,0,0,1242,0,0,0,0,0,0,0,0,0,0,0,0,0,0,0,0,0,0,0,0,0,0,0,0,0,0,0,0,0,0,0,0,0,0,0,0,0,0,0,0,0,0,0,0,0,0,0,0,0,0,0,0,0,0,0,0,0,0,0,0,0,0,0,0,0,0,0,0,0,0,0
121,"Lost City General Store","                                                   ","                                                   ","                                                   ",0,0,0,150,0,175,250,5,240,5,100,176,40,1,240,1,100,191,56,1,240,1,100,283,350,5,240,5,100,1233,35,0,0,0,0,0,0,0,0,0,0,0,0,0,0,0,0,0,0,0,0,0,0,0,0,0,0,0,0,0,0,0,0,0,0,0,0,0,0,0,0,0,0,0,0,0,0,0,0,0,0,0,0,0,0,0,0,0,0,0,0,0,0,0,0,0,0,0,0,0,0,0,0,0,0,0,0,0,0,0,0,0,0,0,0,0,0,0,0,0,0,0,0,0,0
122,"Floating Platform Store","                                                   ","                                                   ","                                                   ",0,0,0,200,0,1294,2,100,0,100,100,1293,5,24,1,24,100,452,5,24,1,24,100,85,5,24,1,24,100,73,10,24,1,24,100,691,10,8,1,8,100,1181,5,24,0,24,100,191,20,24,5,24,100,286,40,4,0,4,100,1289,0,0,0,0,0,1274,0,0,0,0,0,1261,0,0,0,0,0,1260,0,0,0,0,0,1068,1,480,1,480,2,1256,5,5,400,5,2,0,0,0,0,0,0,1235,0,0,0,0,0,1233,0,0,0,0,0,1234,0,0,0,0,0,0,0,0,0,0,0
123,"Gang Shop","                                                   ","                                                   ","                                                   ",11,1,1,0,0,175,20,0,1,0,0,1101,20,0,0,0,0,220,20,0,0,0,0,64,20,0,9999,3,0,0,20,0,0,3,0,0,0,0,0,5,0,0,0,0,0,5,0,0,0,0,0,5,0,0,0,0,0,5,0,0,0,0,0,5,0,0,0,0,0,5,0,0,0,0,0,5,0,0,0,0,0,5,0,0,0,0,0,5,0,0,0,0,0,5,0,0,0,0,0,5,0,0,0,0,0,5,0,0,0,0,0,5,0,0,0,0,0,5,0,0,0,0,0,5,0
124,"Realm Deed Shop","                                                   ","                                                   ","                                                   ",12,1,9999,100,0,1008,1,0,0,0,0,1009,1,0,0,0,0,1010,1,0,0,0,0,1011,1,0,0,0,0,1012,1,0,0,0,0,1013,1,0,0,0,0,1014,1,0,0,0,0,1015,1,0,0,0,0,1016,1,0,0,0,0,1017,1,0,0,0,0,0,0,0,0,0,0,0,0,0,0,0,0,0,0,0,0,0,0,0,0,0,0,0,0,0,0,0,0,0,0,0,0,0,0,0,0,0,0,0,0,0,0,0,0,0,0,0,0,0,0,0,0,0,0,0,0,0,0,0,0
125,"Gang Shop #125","                                                   ","                                                   ","                                                   ",11,1,1,0,0,0,30976,0,0,0,0,0,28531,0,0,0,0,0,112,0,0,0,0,0,0,0,0,0,0,0,0,0,0,0,0,0,0,0,0,0,0,0,0,0,0,0,0,0,0,0,0,0,0,0,0,0,0,0,0,0,0,0,0,0,0,0,0,0,0,0,0,0,0,0,0,0,0,0,0,0,0,0,0,0,0,0,0,0,0,0,0,0,0,0,0,0,0,0,0,0,0,0,0,0,0,0,0,0,0,0,0,0,0,0,0,0,0,0,0,0,0,0,0,0,0
126,"Gang Shop #126","                                                   ","                                                   ","                                                   ",11,1,1,0,0,0,0,0,0,0,0,0,0,0,0,0,0,0,0,0,0,0,0,0,0,0,0,0,0,0,0,0,0,0,0,0,0,0,0,0,0,0,0,0,0,0,0,0,0,0,0,0,0,0,0,0,0,0,0,0,0,0,0,0,0,0,0,0,0,0,0,0,0,0,0,0,0,0,0,0,0,0,0,0,0,0,0,0,0,0,0,0,0,0,0,0,0,0,0,0,0,0,0,0,0,0,0,0,0,0,0,0,0,0,0,0,0,0,0,0,0,0,0,0,0
127,"Gang Shop #127","                                                   ","                                                   ","                                                   ",11,1,1,0,0,0,0,0,0,0,0,0,0,0,0,0,0,0,0,0,0,0,0,0,0,0,0,0,0,0,0,0,0,0,0,0,0,0,0,0,0,0,0,0,0,0,0,0,0,0,0,0,0,0,0,0,0,0,0,0,0,0,0,0,0,0,0,0,0,0,0,0,0,0,0,0,0,0,0,0,0,0,0,0,0,0,0,0,0,0,0,0,0,0,0,0,0,0,0,0,0,0,0,0,0,0,0,0,0,0,0,0,0,0,0,0,0,0,0,0,0,0,0,0,0
128,"Gang Shop #128","                                                   ","                                                   ","                                                   ",11,1,1,0,0,0,0,0,0,0,0,0,0,0,0,0,0,0,0,0,0,0,0,0,0,0,0,0,0,0,0,0,0,0,0,0,0,0,0,0,0,0,0,0,0,0,0,0,0,0,0,0,0,0,0,0,0,0,0,0,0,0,0,0,0,0,0,0,0,0,0,0,0,0,0,0,0,0,0,0,0,0,0,0,0,0,0,0,0,0,0,0,0,0,0,0,0,0,0,0,0,0,0,0,0,0,0,0,0,0,0,0,0,0,0,0,0,0,0,0,0,0,0,0,0
129,"Gang Shop #129","                                                   ","                                                   ","                                                   ",11,1,1,0,0,0,0,0,0,0,0,0,0,0,0,0,0,0,0,0,0,0,0,0,0,0,0,0,0,0,0,0,0,0,0,0,0,0,0,0,0,0,0,0,0,0,0,0,0,0,0,0,0,0,0,0,0,0,0,0,0,0,0,0,0,0,0,0,0,0,0,0,0,0,0,0,0,0,0,0,0,0,0,0,0,0,0,0,0,0,0,0,0,0,0,0,0,0,0,0,0,0,0,0,0,0,0,0,0,0,0,0,0,0,0,0,0,0,0,0,0,0,0,0,0
130,"Gang Shop #130","                                                   ","                                                   ","                                                   ",11,1,1,0,0,0,0,0,0,0,0,0,0,0,0,0,0,0,0,0,0,0,0,0,0,0,0,0,0,0,0,0,0,0,0,0,0,0,0,0,0,0,0,0,0,0,0,0,0,0,0,0,0,0,0,0,0,0,0,0,0,0,0,0,0,0,0,0,0,0,0,0,0,0,0,0,0,0,0,0,0,0,0,0,0,0,0,0,0,0,0,0,0,0,0,0,0,0,0,0,0,0,0,0,0,0,0,0,0,0,0,0,0,0,0,0,0,0,0,0,0,0,0,0,0
131,"Gang Shop #131","                                                   ","                                                   ","                                                   ",11,1,1,0,0,0,0,0,0,0,0,0,0,0,0,0,0,0,0,0,0,0,0,0,0,0,0,0,0,0,0,0,0,0,0,0,0,0,0,0,0,0,0,0,0,0,0,0,0,0,0,0,0,0,0,0,0,0,0,0,0,0,0,0,0,0,0,0,0,0,0,0,0,0,0,0,0,0,0,0,0,0,0,0,0,0,0,0,0,0,0,0,0,0,0,0,0,0,0,0,0,0,0,0,0,0,0,0,0,0,0,0,0,0,0,0,0,0,0,0,0,0,0,0,0
132,"Gang Shop #132","                                                   ","                                                   ","                                                   ",11,1,1,0,0,0,0,0,0,0,0,0,0,0,0,0,0,0,0,0,0,0,0,0,0,0,0,0,0,0,0,0,0,0,0,0,0,0,0,0,0,0,0,0,0,0,0,0,0,0,0,0,0,0,0,0,0,0,0,0,0,0,0,0,0,0,0,0,0,0,0,0,0,0,0,0,0,0,0,0,0,0,0,0,0,0,0,0,0,0,0,0,0,0,0,0,0,0,0,0,0,0,0,0,0,0,0,0,0,0,0,0,0,0,0,0,0,0,0,0,0,0,0,0,0
133,"Gang Shop #133","                                                   ","                                                   ","                                                   ",11,1,1,0,0,0,0,0,0,0,0,0,0,0,0,0,0,0,0,0,0,0,0,0,0,0,0,0,0,0,0,0,0,0,0,0,0,0,0,0,0,0,0,0,0,0,0,0,0,0,0,0,0,0,0,0,0,0,0,0,0,0,0,0,0,0,0,0,0,0,0,0,0,0,0,0,0,0,0,0,0,0,0,0,0,0,0,0,0,0,0,0,0,0,0,0,0,0,0,0,0,0,0,0,0,0,0,0,0,0,0,0,0,0,0,0,0,0,0,0,0,0,0,0,0
134,"Gang Shop #134","                                                   ","                                                   ","                                                   ",11,1,1,0,0,0,0,0,0,0,0,0,0,0,0,0,0,0,0,0,0,0,0,0,0,0,0,0,0,0,0,0,0,0,0,0,0,0,0,0,0,0,0,0,0,0,0,0,0,0,0,0,0,0,0,0,0,0,0,0,0,0,0,0,0,0,0,0,0,0,0,0,0,0,0,0,0,0,0,0,0,0,0,0,0,0,0,0,0,0,0,0,0,0,0,0,0,0,0,0,0,0,0,0,0,0,0,0,0,0,0,0,0,0,0,0,0,0,0,0,0,0,0,0,0
135,"Amazon trainer","                                                   ","                                                   ","                                                   ",8,31,52,9999,0,0,0,0,0,0,0,0,0,0,0,0,0,0,0,0,0,0,0,0,0,0,0,0,0,0,0,0,0,0,0,0,0,0,0,0,0,0,0,0,0,0,0,0,0,0,0,0,0,0,0,0,0,0,0,0,0,0,0,0,0,0,0,0,0,0,0,0,0,0,0,0,0,0,0,0,0,0,0,0,0,0,0,0,0,0,0,0,0,0,0,0,0,0,0,0,0,0,0,0,0,0,0,0,0,0,0,0,0,0,0,0,0,0,0,0,0,0,0,0,0
136,"Gang Shop #136","                                                   ","                                                   ","                                                   ",11,1,1,0,0,0,0,0,0,0,0,0,0,0,0,0,0,0,0,0,0,0,0,0,0,0,0,0,0,0,0,0,0,0,0,0,0,0,0,0,0,0,0,0,0,0,0,0,0,0,0,0,0,0,0,0,0,0,0,0,0,0,0,0,0,0,0,0,0,0,0,0,0,0,0,0,0,0,0,0,0,0,0,0,0,0,0,0,0,0,0,0,0,0,0,0,0,0,0,0,0,0,0,0,0,0,0,0,0,0,0,0,0,0,0,0,0,0,0,0,0,0,0,0,0
137,"Gang Shop #137","                                                   ","                                                   ","                                                   ",11,1,1,0,0,0,0,0,0,0,0,0,0,0,0,0,0,0,0,0,0,0,0,0,0,0,0,0,0,0,0,0,0,0,0,0,0,0,0,0,0,0,0,0,0,0,0,0,0,0,0,0,0,0,0,0,0,0,0,0,0,0,0,0,0,0,0,0,0,0,0,0,0,0,0,0,0,0,0,0,0,0,0,0,0,0,0,0,0,0,0,0,0,0,0,0,0,0,0,0,0,0,0,0,0,0,0,0,0,0,0,0,0,0,0,0,0,0,0,0,0,0,0,0,0
138,"Gang Shop #138","                                                   ","                                                   ","                                                   ",11,1,1,0,0,0,0,0,0,0,0,0,0,0,0,0,0,0,0,0,0,0,0,0,0,0,0,0,0,0,0,0,0,0,0,0,0,0,0,0,0,0,0,0,0,0,0,0,0,0,0,0,0,0,0,0,0,0,0,0,0,0,0,0,0,0,0,0,0,0,0,0,0,0,0,0,0,0,0,0,0,0,0,0,0,0,0,0,0,0,0,0,0,0,0,0,0,0,0,0,0,0,0,0,0,0,0,0,0,0,0,0,0,0,0,0,0,0,0,0,0,0,0,0,0
139,"Gang Shop #139","                                                   ","                                                   ","                                                   ",11,1,1,0,0,0,0,0,0,0,0,0,0,0,0,0,0,0,0,0,0,0,0,0,0,0,0,0,0,0,0,0,0,0,0,0,0,0,0,0,0,0,0,0,0,0,0,0,0,0,0,0,0,0,0,0,0,0,0,0,0,0,0,0,0,0,0,0,0,0,0,0,0,0,0,0,0,0,0,0,0,0,0,0,0,0,0,0,0,0,0,0,0,0,0,0,0,0,0,0,0,0,0,0,0,0,0,0,0,0,0,0,0,0,0,0,0,0,0,0,0,0,0,0,0
140,"Gang Shop #140","                                                   ","                                                   ","                                                   ",11,1,1,0,0,0,0,0,0,0,0,0,0,0,0,0,0,0,0,0,0,0,0,0,0,0,0,0,0,0,0,0,0,0,0,0,0,0,0,0,0,0,0,0,0,0,0,0,0,0,0,0,0,0,0,0,0,0,0,0,0,0,0,0,0,0,0,0,0,0,0,0,0,0,0,0,0,0,0,0,0,0,0,0,0,0,0,0,0,0,0,0,0,0,0,0,0,0,0,0,0,0,0,0,0,0,0,0,0,0,0,0,0,0,0,0,0,0,0,0,0,0,0,0,0
141,"Gang Shop #141","                                                   ","                                                   ","                                                   ",11,1,1,0,0,0,0,0,0,0,0,0,0,0,0,0,0,0,0,0,0,0,0,0,0,0,0,0,0,0,0,0,0,0,0,0,0,0,0,0,0,0,0,0,0,0,0,0,0,0,0,0,0,0,0,0,0,0,0,0,0,0,0,0,0,0,0,0,0,0,0,0,0,0,0,0,0,0,0,0,0,0,0,0,0,0,0,0,0,0,0,0,0,0,0,0,0,0,0,0,0,0,0,0,0,0,0,0,0,0,0,0,0,0,0,0,0,0,0,0,0,0,0,0,0
142,"Gang Shop #142","                                                   ","                                                   ","                                                   ",11,1,1,0,0,0,0,0,0,0,0,0,0,0,0,0,0,0,0,0,0,0,0,0,0,0,0,0,0,0,0,0,0,0,0,0,0,0,0,0,0,0,0,0,0,0,0,0,0,0,0,0,0,0,0,0,0,0,0,0,0,0,0,0,0,0,0,0,0,0,0,0,0,0,0,0,0,0,0,0,0,0,0,0,0,0,0,0,0,0,0,0,0,0,0,0,0,0,0,0,0,0,0,0,0,0,0,0,0,0,0,0,0,0,0,0,0,0,0,0,0,0,0,0,0
143,"Gang Shop #143","                                                   ","                                                   ","                                                   ",11,1,1,0,0,0,0,0,0,0,0,0,0,0,0,0,0,0,0,0,0,0,0,0,0,0,0,0,0,0,0,0,0,0,0,0,0,0,0,0,0,0,0,0,0,0,0,0,0,0,0,0,0,0,0,0,0,0,0,0,0,0,0,0,0,0,0,0,0,0,0,0,0,0,0,0,0,0,0,0,0,0,0,0,0,0,0,0,0,0,0,0,0,0,0,0,0,0,0,0,0,0,0,0,0,0,0,0,0,0,0,0,0,0,0,0,0,0,0,0,0,0,0,0,0
144,"Gang Shop #144","                                                   ","                                                   ","                                                   ",11,1,1,0,0,0,0,0,0,0,0,0,0,0,0,0,0,0,0,0,0,0,0,0,0,0,0,0,0,0,0,0,0,0,0,0,0,0,0,0,0,0,0,0,0,0,0,0,0,0,0,0,0,0,0,0,0,0,0,0,0,0,0,0,0,0,0,0,0,0,0,0,0,0,0,0,0,0,0,0,0,0,0,0,0,0,0,0,0,0,0,0,0,0,0,0,0,0,0,0,0,0,0,0,0,0,0,0,0,0,0,0,0,0,0,0,0,0,0,0,0,0,0,0,0
145,"Gang Shop #145","                                                   ","                                                   ","                                                   ",11,1,1,0,0,0,0,0,0,0,0,0,0,0,0,0,0,0,0,0,0,0,0,0,0,0,0,0,0,0,0,0,0,0,0,0,0,0,0,0,0,0,0,0,0,0,0,0,0,0,0,0,0,0,0,0,0,0,0,0,0,0,0,0,0,0,0,0,0,0,0,0,0,0,0,0,0,0,0,0,0,0,0,0,0,0,0,0,0,0,0,0,0,0,0,0,0,0,0,0,0,0,0,0,0,0,0,0,0,0,0,0,0,0,0,0,0,0,0,0,0,0,0,0,0
146,"Recycler 3","                                                   ","                                                   ","                                                   ",0,0,0,500,0,347,0,0,0,0,0,348,0,0,0,0,0,349,0,0,0,0,0,350,0,0,0,0,0,351,0,0,0,0,0,352,0,0,0,0,0,353,0,0,0,0,0,354,0,0,0,0,0,355,0,0,0,0,0,356,0,0,0,0,0,357,0,0,0,0,0,358,0,0,0,0,0,359,0,0,0,0,0,342,0,0,0,0,0,339,0,0,0,0,0,115,0,0,0,0,0,1047,0,0,0,0,0,1071,0,0,0,0,0,1073,0,0,0,0,0,1075,0,0,0,0,0
147,"Recycler 4","                                                   ","                                                   ","                                                   ",0,0,0,500,0,821,0,0,0,0,0,822,0,0,0,0,0,823,0,0,0,0,0,825,0,0,0,0,0,826,0,0,0,0,0,829,0,0,0,0,0,831,0,0,0,0,0,836,0,0,0,0,0,1173,0,0,0,0,0,1157,0,0,0,0,0,1174,0,0,0,0,0,1212,0,0,0,0,0,1216,0,0,0,0,0,1231,0,0,0,0,0,1163,0,0,0,0,0,1164,0,0,0,0,0,1165,0,0,0,0,0,1248,0,0,0,0,0,1275,0,0,0,0,0,450,0,0,0,0,0
148,"Recycler 5","                                                   ","                                                   ","                                                   ",0,0,0,500,0,1170,0,0,0,0,0,1172,0,0,0,0,0,1176,0,0,0,0,0,1177,0,0,0,0,0,1180,0,0,0,0,0,1330,0,0,0,0,0,1331,0,0,0,0,0,209,0,0,0,0,0,266,0,0,0,0,0,457,0,0,0,0,0,456,0,0,0,0,0,455,0,0,0,0,0,454,0,0,0,0,0,1343,0,0,0,0,0,415,0,0,0,0,0,1338,0,0,0,0,0,1349,0,0,0,0,0,431,0,0,0,0,0,268,0,0,0,0,0,1350,0,0,0,0,0
149,"Dwarven Armory 2","                                                   ","                                                   ","                                                   ",0,0,0,450,0,0,0,0,0,0,0,0,0,0,0,0,0,0,0,0,0,0,0,0,0,0,0,0,0,0,0,0,0,0,0,0,0,0,0,0,0,0,0,0,0,0,0,0,0,0,0,0,0,0,0,0,0,0,0,0,0,0,0,0,0,0,0,0,0,0,0,0,0,0,0,0,0,0,0,0,0,0,0,0,0,0,0,0,0,0,0,0,0,0,0,0,0,0,0,0,0,0,0,0,0,0,0,0,0,0,0,0,0,0,0,0,0,0,0,0,0,0,0,0,0
150,"Arlysia Weapons","                                                   ","                                                   ","                                                   ",1,1,1,100,0,1651,10,10,10,10,100,1652,10,10,10,10,100,1653,10,10,10,10,100,1436,0,0,0,0,0,1439,0,0,0,0,0,1445,3,1,240,1,10,1436,0,0,0,0,0,1437,0,0,0,0,0,1471,0,0,0,0,0,0,0,0,0,0,0,1438,5,1,10,1,10,1440,1,1,240,1,2,1449,0,0,0,0,0,0,3,1,120,1,10,1451,3,1,120,1,10,1455,0,0,0,0,0,1787,10,1,240,1,5,1788,10,1,240,1,5,1487,0,0,0,0,0,1484,0,0,0,0,0
151,"Arlysia Seamstress","                                                   ","                                                   ","                                                   ",2,1,1,0,0,9,10,1,1,1,100,20,10,1,1,1,100,0,0,0,0,0,0,38,10,1,1,1,100,55,10,1,1,1,100,289,10,1,1,1,100,429,10,1,1,1,100,440,10,1,1,1,100,45,10,1,1,1,100,30,10,1,1,1,100,46,10,1,1,1,100,105,10,1,1,1,100,0,0,0,0,0,0,0,0,0,0,0,0,0,0,0,0,0,0,0,0,0,0,0,0,0,0,0,0,0,0,0,0,0,0,0,0,0,0,0,0,0,0,0,0,0,0,0,0
152,"Arlysia General store","                                                   ","                                                   ","                                                   ",0,1,1,0,0,175,25,100,120,100,50,176,25,1,120,1,50,570,10,1,120,1,50,1153,10,1,120,1,50,1450,1,1,120,1,50,1451,1,1,120,1,50,191,15,1,120,1,50,1820,0,0,0,0,0,1821,0,0,0,0,0,1822,0,0,0,0,0,1823,0,0,0,0,0,1881,0,0,0,0,0,1457,0,0,0,0,0,1521,0,0,0,0,0,0,0,0,0,0,0,0,0,0,0,0,0,0,0,0,0,0,0,0,0,0,0,0,0,0,0,0,0,0,0,0,0,0,0,0,0
153,"arena store","                                                   ","                                                   ","                                                   ",0,1,1,0,0,970,10,1,120,1,10,293,10,1,120,1,10,290,10,1,120,1,10,294,10,1,120,1,10,292,10,1,120,1,10,0,0,0,0,0,0,0,0,0,0,0,0,0,0,0,0,0,0,0,0,0,0,0,0,0,0,0,0,0,0,0,0,0,0,0,0,0,0,0,0,0,0,0,0,0,0,0,0,0,0,0,0,0,0,0,0,0,0,0,0,0,0,0,0,0,0,0,0,0,0,0,0,0,0,0,0,0,0,0,0,0,0,0,0,0,0,0,0,0,0
154,"Arlyisia Apothecary","                                                   ","                                                   ","                                                   ",3,1,1,500,0,1658,1,1,12,1,50,1659,1,1,24,1,50,1660,1,1,60,1,50,1661,5,1,100,1,25,1662,1,1,480,1,5,1663,5,1,280,1,25,1664,5,1,320,1,25,1665,5,1,360,1,10,0,0,0,0,0,0,0,0,0,0,0,0,0,0,0,0,0,0,0,0,0,0,0,0,0,0,0,0,0,0,0,0,0,0,0,0,0,0,0,0,0,0,0,0,0,0,0,0,0,0,0,0,0,0,0,0,0,0,0,0,0,0,0,0,0,0,0,0,0,0,0,0
155,"Arlysia Missile Weapons","                                                   ","                                                   ","                                                   ",1,1,1,0,0,208,5,1,240,1,25,591,5,1,240,1,25,623,5,1,240,1,25,624,5,1,240,1,25,625,5,1,240,1,25,626,5,1,240,1,25,592,5,1,240,1,25,610,5,1,240,1,25,632,5,1,240,1,25,1201,5,1,240,1,5,0,0,0,0,0,0,0,0,0,0,0,0,0,0,0,0,0,0,0,0,0,0,0,0,0,0,0,0,0,0,0,0,0,0,0,0,0,0,0,0,0,0,0,0,0,0,0,0,0,0,0,0,0,0,0,0,0,0,0,0
156,"Arlysia Bank","                                                   ","                                                   ","                                                   ",7,1,1,0,0,0,0,0,0,0,0,0,0,0,0,0,0,0,0,0,0,0,0,0,0,0,0,0,0,0,0,0,0,0,0,0,0,0,0,0,0,0,0,0,0,0,0,0,0,0,0,0,0,0,0,0,0,0,0,0,0,0,0,0,0,0,0,0,0,0,0,0,0,0,0,0,0,0,0,0,0,0,0,0,0,0,0,0,0,0,0,0,0,0,0,0,0,0,0,0,0,0,0,0,0,0,0,0,0,0,0,0,0,0,0,0,0,0,0,0,0,0,0,0,0
157,"Arlysia Inn","                                                   ",,,0,1,1,0,0,290,15,1,1,1,25,293,15,1,1,1,25,294,15,1,1,1,25,924,4,1,1,1,25,0,0,0,0,0,0,0,0,0,0,0,0,0,0,0,0,0,0,0,0,0,0,0,0,0,0,0,0,0,0,0,0,0,0,0,0,0,0,0,0,0,0,0,0,0,0,0,0,0,0,0,0,0,0,0,0,0,0,0,0,0,0,0,0,0,0,0,0,0,0,0,0,0,0,0,0,0,0,0,0,0,0,0,0,0,0,0,0,0,0,0,0,0,0,0,0
158,"Arlysia Tavern","                                                   ",,,0,1,1,0,0,290,100,25,5,25,55,291,100,25,5,25,55,292,100,25,5,25,55,293,100,25,5,25,55,294,100,25,5,25,55,1161,100,25,5,25,55,1728,10,60,1,60,35,1885,5,60,1,60,10,0,0,0,0,0,0,0,0,0,0,0,0,0,0,0,0,0,0,0,0,0,0,0,0,0,0,0,0,0,0,0,0,0,0,0,0,0,0,0,0,0,0,0,0,0,0,0,0,0,0,0,0,0,0,0,0,0,0,0,0,0,0,0,0,0,0,0,0,0,0,0,0
159,"old lady shawl shop","                                                   ","                                                   ","                                                   ",0,1,1,1000,0,0,0,0,0,0,0,1450,5,10,1,10,5,1451,4,10,1,10,5,1454,1,100,1,100,1,1456,0,0,0,0,0,0,0,0,0,0,0,1435,0,0,0,0,0,1445,3,120,1,120,1,1447,1,0,0,0,0,12,10,1,10,1,100,23,10,1,10,1,100,41,10,1,10,1,100,33,10,1,10,1,100,49,10,1,10,1,100,0,0,0,0,0,0,0,0,0,0,0,0,0,0,0,0,0,0,0,0,0,0,0,0,0,0,0,0,0,0,0,0,0,0,0,0
160,"Uber Super Big Jumbo Trainer","                                                   ","                                                   ","                                                   ",8,1,75,12000,0,0,0,0,0,0,0,0,0,0,0,0,0,0,0,0,0,0,0,0,0,0,0,0,0,0,0,0,0,0,0,0,0,0,0,0,0,0,0,0,0,0,0,0,0,0,0,0,0,0,0,0,0,0,0,0,0,0,0,0,0,0,0,0,0,0,0,0,0,0,0,0,0,0,0,0,0,0,0,0,0,0,0,0,0,0,0,0,0,0,0,0,0,0,0,0,0,0,0,0,0,0,0,0,0,0,0,0,0,0,0,0,0,0,0,0,0,0,0,0,0
161,"Hides","                                                   ","                                                   ","                                                   ",0,1,1,500,0,486,100,1,720,1,5,0,0,0,0,0,0,1429,100,1,720,1,5,1735,100,1,720,1,5,1736,100,1,720,1,5,1737,100,1,720,1,5,1745,100,1,720,1,5,0,0,0,0,0,0,0,0,0,0,0,0,0,0,0,0,0,0,0,0,0,0,0,0,0,0,0,0,0,0,0,0,0,0,0,0,0,0,0,0,0,0,0,0,0,0,0,0,0,0,0,0,0,0,0,0,0,0,0,0,0,0,0,0,0,0,0,0,0,0,0,0,0,0,0,0,0,0
162,"SixtySix","                                                   ","                                                   ","                                                   ",8,66,66,9000,0,0,0,0,0,0,0,0,0,0,0,0,0,0,0,0,0,0,0,0,0,0,0,0,0,0,0,0,0,0,0,0,0,0,0,0,0,0,0,0,0,0,0,0,0,0,0,0,0,0,0,0,0,0,0,0,0,0,0,0,0,0,0,0,0,0,0,0,0,0,0,0,0,0,0,0,0,0,0,0,0,0,0,0,0,0,0,0,0,0,0,0,0,0,0,0,0,0,0,0,0,0,0,0,0,0,0,0,0,0,0,0,0,0,0,0,0,0,0,0,0
163,"Dwarven Miner's Guild","                                                   ","                                                   ","                                                   ",0,1,1,100,0,942,100,10,240,10,100,936,50,5,240,5,100,943,0,0,0,0,0,944,0,0,0,0,0,945,0,0,0,0,0,947,0,0,0,0,0,797,5,1,240,1,25,0,0,0,0,0,0,0,0,0,0,0,0,0,0,0,0,0,0,0,0,0,0,0,0,0,0,0,0,0,0,0,0,0,0,0,0,0,0,0,0,0,0,0,0,0,0,0,0,0,0,0,0,0,0,0,0,0,0,0,0,0,0,0,0,0,0,0,0,0,0,0,0,0,0,0,0,0,0
164,"Tavern","                                                   ","                                                   ","                                                   ",6,1,1,250,0,290,10,10,2,10,100,291,10,10,2,10,100,292,10,10,2,10,100,293,10,10,2,10,100,294,10,10,2,10,100,924,10,10,240,10,100,0,0,0,0,0,0,0,0,0,0,0,0,0,0,0,0,0,0,0,0,0,0,0,0,0,0,0,0,0,0,0,0,0,0,0,0,0,0,0,0,0,0,0,0,0,0,0,0,0,0,0,0,0,0,0,0,0,0,0,0,0,0,0,0,0,0,0,0,0,0,0,0,0,0,0,0,0,0,0,0,0,0,0,0
165,"Sixty Seven","                                                   ","                                                   ","                                                   ",8,1,67,1200,0,0,0,0,0,0,0,0,0,0,0,0,0,0,0,0,0,0,0,0,0,0,0,0,0,0,0,0,0,0,0,0,0,0,0,0,0,0,0,0,0,0,0,0,0,0,0,0,0,0,0,0,0,0,0,0,0,0,0,0,0,0,0,0,0,0,0,0,0,0,0,0,0,0,0,0,0,0,0,0,0,0,0,0,0,0,0,0,0,0,0,0,0,0,0,0,0,0,0,0,0,0,0,0,0,0,0,0,0,0,0,0,0,0,0,0,0,0,0,0,0
166,"Sixty Eight","                                                   ","                                                   ","                                                   ",8,1,68,1200,0,0,0,0,0,0,0,0,0,0,0,0,0,0,0,0,0,0,0,0,0,0,0,0,0,0,0,0,0,0,0,0,0,0,0,0,0,0,0,0,0,0,0,0,0,0,0,0,0,0,0,0,0,0,0,0,0,0,0,0,0,0,0,0,0,0,0,0,0,0,0,0,0,0,0,0,0,0,0,0,0,0,0,0,0,0,0,0,0,0,0,0,0,0,0,0,0,0,0,0,0,0,0,0,0,0,0,0,0,0,0,0,0,0,0,0,0,0,0,0,0
167,"Jorah's 1H Sharp","                                                   ","                                                   ","                                                   ",0,1,1,275,0,1005,1,1,720,1,2,523,5,1,720,1,5,451,3,1,720,1,3,453,1,1,720,1,3,1904,1,0,0,0,0,711,1,0,0,0,0,361,5,1,720,1,10,568,5,1,720,1,2,612,5,0,0,0,0,686,2,0,0,0,0,722,5,0,0,0,0,932,1,0,0,0,0,372,1,0,0,0,0,220,2,0,0,0,0,221,3,0,0,0,0,222,2,0,0,0,0,272,5,1,720,1,2,0,0,0,0,0,0,0,0,0,0,0,0,0,0,0,0,0,0
168,"Jorah's 2H","                                                   ","                                                   ","                                                   ",0,1,1,275,0,459,10,1,720,1,10,461,5,1,720,1,3,865,5,0,0,0,0,1070,1,0,0,0,0,876,1,0,0,0,0,1169,1,0,0,0,0,610,3,1,720,1,2,871,1,1,720,1,3,870,1,1,720,1,3,874,3,0,0,0,0,0,0,0,0,0,0,0,0,0,0,0,0,0,0,0,0,0,0,0,0,0,0,0,0,0,0,0,0,0,0,0,0,0,0,0,0,0,0,0,0,0,0,0,0,0,0,0,0,0,0,0,0,0,0,0,0,0,0,0,0
169,"Jorah's Robes","                                                   ","                                                   ","                                                   ",0,1,1,275,0,752,1,1,480,1,5,753,1,1,480,1,5,754,1,1,480,1,5,755,1,1,480,1,3,1845,1,1,720,1,3,1846,1,1,720,1,3,1847,1,1,720,1,3,853,1,1,720,1,2,1848,1,1,720,1,3,1849,1,1,720,1,3,1850,1,1,720,1,3,858,1,1,720,1,2,404,5,1,480,1,5,410,5,1,480,1,10,411,4,1,480,1,3,1970,3,1,480,1,10,1971,2,1,480,1,10,169,1,1,480,1,5,0,0,0,0,0,0,0,0,0,0,0,0
170,"Jorah's Plate/Scale","                                                   ","                                                   ","                                                   ",0,1,1,275,0,443,5,1,480,1,3,498,5,0,0,0,0,521,5,1,480,1,5,1841,5,1,480,1,5,1842,5,1,480,1,5,851,3,1,720,1,3,856,3,1,720,1,2,733,5,1,720,1,2,190,5,0,0,0,0,848,3,0,0,0,0,743,5,1,720,1,2,860,0,0,0,0,0,861,0,0,0,0,0,1491,3,0,0,0,0,1492,3,0,0,0,0,402,3,1,480,1,5,405,1,1,480,1,2,448,1,1,480,1,5,522,5,1,480,1,5,857,3,0,0,0,0
171,"Jorah Bracers\Arms\Rings","                                                   ","                                                   ","                                                   ",0,1,1,275,0,423,3,1,480,1,3,424,5,1,480,1,10,425,2,1,480,1,2,430,5,1,480,1,5,433,4,1,480,1,10,434,1,1,480,1,3,436,3,1,480,1,3,0,0,0,0,0,0,0,0,0,0,0,0,466,10,1,480,1,10,1527,1,1,720,1,2,474,2,1,480,1,3,747,1,0,0,0,0,0,0,0,0,0,0,0,0,0,0,0,0,0,0,0,0,0,0,0,0,0,0,0,0,0,0,0,0,0,0,0,0,0,0,0,0,0,0,0,0,0,0
172,"Jorah's Cloak/Neck/Waist","                                                   ","                                                   ","                                                   ",0,1,1,275,0,407,6,1,480,1,10,0,0,0,0,0,0,420,5,1,480,1,2,421,5,1,480,1,5,0,0,0,0,0,0,438,2,1,480,1,3,504,1,1,480,1,3,439,3,1,480,1,3,1155,3,0,0,0,0,406,3,0,0,0,0,408,5,1,480,1,10,0,0,0,0,0,0,0,0,0,0,0,0,0,0,0,0,0,0,0,0,0,0,0,0,0,0,0,0,0,0,0,0,0,0,0,0,0,0,0,0,0,0,0,0,0,0,0,0,0,0,0,0,0,0
173,"Jorah's Priest Spells","                                                   ","                                                   ","                                                   ",0,1,1,100,0,324,3,1,56,1,25,326,3,1,56,1,25,328,3,1,56,1,25,396,3,1,56,1,25,397,3,1,56,1,25,398,3,1,56,1,25,399,3,1,56,1,25,193,3,1,56,1,25,194,3,1,56,1,25,195,3,1,56,1,25,196,3,1,56,1,25,197,3,1,56,1,25,198,3,1,56,1,25,199,3,1,56,1,25,0,0,0,0,0,0,0,0,0,0,0,0,0,0,0,0,0,0,0,0,0,0,0,0,0,0,0,0,0,0,0,0,0,0,0,0
174,"Jorah's Mage Spells","                                                   ","                                                   ","                                                   ",0,1,1,100,0,317,5,1,56,1,15,318,5,1,56,1,15,319,5,1,56,1,15,321,5,1,56,1,15,322,5,1,56,1,15,380,5,1,56,1,15,502,5,1,56,1,15,381,5,1,56,1,15,320,5,1,56,1,15,542,5,1,56,1,15,543,5,1,56,1,15,544,5,1,56,1,15,545,5,1,56,1,15,1818,5,1,56,1,15,1993,5,1,56,1,15,0,0,0,0,0,0,0,0,0,0,0,0,0,0,0,0,0,0,0,0,0,0,0,0,0,0,0,0,0,0
175,"Recycler 6","                                                   ",,,0,1,1,0,0,1309,0,0,0,0,0,1310,0,0,0,0,0,1311,0,0,0,0,0,1312,0,0,0,0,0,1313,0,0,0,0,0,1314,0,0,0,0,0,1315,0,0,0,0,0,1316,0,0,0,0,0,1317,0,0,0,0,0,1318,0,0,0,0,0,1319,0,0,0,0,0,1320,0,0,0,0,0,1321,0,0,0,0,0,1322,0,0,0,0,0,1323,0,0,0,0,0,0,0,0,0,0,0,0,0,0,0,0,0,0,0,0,0,0,0,0,0,0,0,0,0,0,0,0,0,0,0
176,"Recycler 7","                                                   ",,,0,1,1,0,0,1520,0,0,0,0,0,1000,0,0,0,0,0,1478,0,0,0,0,0,1436,0,0,0,0,0,873,0,0,0,0,0,1707,0,0,0,0,0,1864,0,0,0,0,0,1865,0,0,0,0,0,1866,0,0,0,0,0,1867,0,0,0,0,0,1868,0,0,0,0,0,0,0,0,0,0,0,0,0,0,0,0,0,0,0,0,0,0,0,0,0,0,0,0,0,0,0,0,0,0,0,0,0,0,0,0,0,0,0,0,0,0,0,0,0,0,0,0,0,0,0,0,0,0,0
177,"Recycler 8","                                                   ",,,0,1,1,0,0,0,0,0,0,0,0,0,0,0,0,0,0,0,0,0,0,0,0,0,0,0,0,0,0,0,0,0,0,0,0,0,0,0,0,0,0,0,0,0,0,0,0,0,0,0,0,0,0,0,0,0,0,0,0,0,0,0,0,0,0,0,0,0,0,0,0,0,0,0,0,0,0,0,0,0,0,0,0,0,0,0,0,0,0,0,0,0,0,0,0,0,0,0,0,0,0,0,0,0,0,0,0,0,0,0,0,0,0,0,0,0,0,0,0,0,0,0,0,0,0
178,"Recycler 9","                                                   ",,,0,1,1,0,0,0,0,0,0,0,0,0,0,0,0,0,0,0,0,0,0,0,0,0,0,0,0,0,0,0,0,0,0,0,0,0,0,0,0,0,0,0,0,0,0,0,0,0,0,0,0,0,0,0,0,0,0,0,0,0,0,0,0,0,0,0,0,0,0,0,0,0,0,0,0,0,0,0,0,0,0,0,0,0,0,0,0,0,0,0,0,0,0,0,0,0,0,0,0,0,0,0,0,0,0,0,0,0,0,0,0,0,0,0,0,0,0,0,0,0,0,0,0,0,0
179,"Recycler 10","                                                   ",,,0,1,1,0,0,0,0,0,0,0,0,0,0,0,0,0,0,0,0,0,0,0,0,0,0,0,0,0,0,0,0,0,0,0,0,0,0,0,0,0,0,0,0,0,0,0,0,0,0,0,0,0,0,0,0,0,0,0,0,0,0,0,0,0,0,0,0,0,0,0,0,0,0,0,0,0,0,0,0,0,0,0,0,0,0,0,0,0,0,0,0,0,0,0,0,0,0,0,0,0,0,0,0,0,0,0,0,0,0,0,0,0,0,0,0,0,0,0,0,0,0,0,0,0,0
180,"Recycler 11","                                                   ",,,0,1,1,0,0,0,0,0,0,0,0,0,0,0,0,0,0,0,0,0,0,0,0,0,0,0,0,0,0,0,0,0,0,0,0,0,0,0,0,0,0,0,0,0,0,0,0,0,0,0,0,0,0,0,0,0,0,0,0,0,0,0,0,0,0,0,0,0,0,0,0,0,0,0,0,0,0,0,0,0,0,0,0,0,0,0,0,0,0,0,0,0,0,0,0,0,0,0,0,0,0,0,0,0,0,0,0,0,0,0,0,0,0,0,0,0,0,0,0,0,0,0,0,0,0
181,"Solo Trainer","                                                   ","                                                   ","                                                   ",8,66,75,32760,0,0,0,0,0,0,0,0,0,0,0,0,0,0,0,0,0,0,0,0,0,0,0,0,0,0,0,0,0,0,0,0,0,0,0,0,0,0,0,0,0,0,0,0,0,0,0,0,0,0,0,0,0,0,0,0,0,0,0,0,0,0,0,0,0,0,0,0,0,0,0,0,0,0,0,0,0,0,0,0,0,0,0,0,0,0,0,0,0,0,0,0,0,0,0,0,0,0,0,0,0,0,0,0,0,0,0,0,0,0,0,0,0,0,0,0,0,0,0,0,0
182,"Training Keys","                                                   ","                                                   ","                                                   ",10,1,1,1900,0,1975,1,1,360,1,100,0,0,0,0,0,0,0,0,0,0,0,0,0,0,0,0,0,0,0,0,0,0,0,0,0,0,0,0,0,0,0,0,0,0,0,0,0,0,0,0,0,0,0,0,0,0,0,0,0,0,0,0,0,0,0,0,0,0,0,0,0,0,0,0,0,0,0,0,0,0,0,0,0,0,0,0,0,0,0,0,0,0,0,0,0,0,0,0,0,0,0,0,0,0,0,0,0,0,0,0,0,0,0,0,0,0,0,0,0,0,0,0,0,0
